_EntriesKey,_Id,_Name,_WeaponType,_Rarity,_ElementalType,_BaseId,_VariationId,_FormId,_DecBaseId,_DecVariationId,_BulletBaseId,_BulletVariationId,_IsPlayable,_Text,_DuplicateEntityType,_DuplicateEntityId,_DuplicateEntityQuantity
30119901,30119901,WEAPON_SKIN_NAME_30119901,1,1,99,301001,1,19901,0,0,0,0,0,,0,0,0
30219901,30219901,WEAPON_SKIN_NAME_30219901,2,1,99,302001,1,19901,302001,2,0,0,0,,0,0,0
30319901,30319901,WEAPON_SKIN_NAME_30319901,3,1,99,303001,1,19901,0,0,0,0,0,,0,0,0
30419901,30419901,WEAPON_SKIN_NAME_30419901,4,1,99,304001,1,19901,0,0,0,0,0,,0,0,0
30519901,30519901,WEAPON_SKIN_NAME_30519901,5,1,99,305001,1,19901,0,0,0,0,0,,0,0,0
30619901,30619901,WEAPON_SKIN_NAME_30619901,6,1,99,306001,1,19901,0,0,0,0,0,,0,0,0
30719901,30719901,WEAPON_SKIN_NAME_30719901,7,1,99,307001,1,19901,0,0,0,0,0,,0,0,0
30819901,30819901,WEAPON_SKIN_NAME_30819901,8,1,99,308001,1,19901,0,0,0,0,0,,0,0,0
30919901,30919901,WEAPON_SKIN_NAME_30919901,9,1,99,309001,1,19901,0,0,0,0,0,,0,0,0
30129901,30129901,WEAPON_SKIN_NAME_30129901,1,2,99,301002,1,29901,0,0,0,0,1,,0,0,0
30139901,30139901,WEAPON_SKIN_NAME_30139901,1,3,99,301030,1,39901,0,0,0,0,1,,0,0,0
30239901,30239901,WEAPON_SKIN_NAME_30239901,2,3,99,302021,1,39901,302021,2,0,0,1,,0,0,0
30339901,30339901,WEAPON_SKIN_NAME_30339901,3,3,99,303026,1,39901,0,0,0,0,1,,0,0,0
30439901,30439901,WEAPON_SKIN_NAME_30439901,4,3,99,304025,1,39901,0,0,0,0,1,,0,0,0
30539901,30539901,WEAPON_SKIN_NAME_30539901,5,3,99,305039,1,39901,0,0,0,0,1,,0,0,0
30639901,30639901,WEAPON_SKIN_NAME_30639901,6,3,99,306026,1,39901,0,0,0,0,1,,0,0,0
30739901,30739901,WEAPON_SKIN_NAME_30739901,7,3,99,307042,1,39901,0,0,0,0,1,,0,0,0
30839901,30839901,WEAPON_SKIN_NAME_30839901,8,3,99,308002,1,39901,0,0,0,0,1,,0,0,0
30139902,30139902,WEAPON_SKIN_NAME_30139902,1,3,99,301038,1,39901,0,0,0,0,1,,23,0,25
30239902,30239902,WEAPON_SKIN_NAME_30239902,2,3,99,302030,1,39901,302030,2,0,0,1,,23,0,25
30339902,30339902,WEAPON_SKIN_NAME_30339902,3,3,99,303032,1,39901,0,0,0,0,1,,23,0,25
30439902,30439902,WEAPON_SKIN_NAME_30439902,4,3,99,304031,1,39901,0,0,0,0,1,,23,0,25
30539902,30539902,WEAPON_SKIN_NAME_30539902,5,3,99,305013,1,39901,0,0,0,0,1,,23,0,25
30639902,30639902,WEAPON_SKIN_NAME_30639902,6,3,99,306012,1,39901,0,0,0,0,1,,23,0,25
30739902,30739902,WEAPON_SKIN_NAME_30739902,7,3,99,307004,1,39901,0,0,0,0,1,,23,0,25
30839902,30839902,WEAPON_SKIN_NAME_30839902,8,3,99,307003,1,39901,0,0,0,0,1,,23,0,25
30139903,30139903,WEAPON_SKIN_NAME_30139903,1,3,99,301039,1,39901,0,0,0,0,1,,23,0,25
30239903,30239903,WEAPON_SKIN_NAME_30239903,2,3,99,302008,1,39901,302008,2,0,0,1,,23,0,25
30339903,30339903,WEAPON_SKIN_NAME_30339903,3,3,99,303003,1,39901,0,0,0,0,1,,23,0,25
30439903,30439903,WEAPON_SKIN_NAME_30439903,4,3,99,304032,1,39901,0,0,0,0,1,,23,0,25
30539903,30539903,WEAPON_SKIN_NAME_30539903,5,3,99,305010,1,39901,0,0,0,0,1,,23,0,25
30639903,30639903,WEAPON_SKIN_NAME_30639903,6,3,99,306032,1,39901,0,0,0,0,1,,23,0,25
30739903,30739903,WEAPON_SKIN_NAME_30739903,7,3,99,307037,1,39901,0,0,0,0,1,,23,0,25
30839903,30839903,WEAPON_SKIN_NAME_30839903,8,3,99,308036,1,39901,0,0,0,0,1,,23,0,25
30130102,30130102,WEAPON_SKIN_NAME_30130102,1,3,1,301013,1,30101,0,0,0,0,1,,23,0,25
30130201,30130201,WEAPON_SKIN_NAME_30130201,1,3,2,301006,1,30201,0,0,0,0,1,,23,0,25
30130302,30130302,WEAPON_SKIN_NAME_30130302,1,3,3,301035,1,30301,0,0,0,0,1,,23,0,25
30130401,30130401,WEAPON_SKIN_NAME_30130401,1,3,4,301007,1,30401,0,0,0,0,1,,23,0,25
30130501,30130501,WEAPON_SKIN_NAME_30130501,1,3,5,301008,1,30501,0,0,0,0,1,,23,0,25
30230101,30230101,WEAPON_SKIN_NAME_30230101,2,3,1,302006,1,30101,302006,2,0,0,1,,23,0,25
30230201,30230201,WEAPON_SKIN_NAME_30230201,2,3,2,302007,1,30201,302007,2,0,0,1,,23,0,25
30230302,30230302,WEAPON_SKIN_NAME_30230302,2,3,3,302024,1,30301,302024,2,0,0,1,,23,0,25
30230401,30230401,WEAPON_SKIN_NAME_30230401,2,3,4,302027,1,30401,302027,2,0,0,1,,23,0,25
30230501,30230501,WEAPON_SKIN_NAME_30230501,2,3,5,302009,1,30501,302009,2,0,0,1,,23,0,25
30330101,30330101,WEAPON_SKIN_NAME_30330101,3,3,1,303027,1,30101,0,0,0,0,1,,23,0,25
30330201,30330201,WEAPON_SKIN_NAME_30330201,3,3,2,303021,1,30201,0,0,0,0,1,,23,0,25
30330301,30330301,WEAPON_SKIN_NAME_30330301,3,3,3,303007,1,30301,0,0,0,0,1,,23,0,25
30330401,30330401,WEAPON_SKIN_NAME_30330401,3,3,4,303008,1,30401,0,0,0,0,1,,23,0,25
30330501,30330501,WEAPON_SKIN_NAME_30330501,3,3,5,303009,1,30501,0,0,0,0,1,,23,0,25
30430101,30430101,WEAPON_SKIN_NAME_30430101,4,3,1,304018,1,30101,0,0,0,0,1,,23,0,25
30430201,30430201,WEAPON_SKIN_NAME_30430201,4,3,2,304006,1,30201,0,0,0,0,1,,23,0,25
30430301,30430301,WEAPON_SKIN_NAME_30430301,4,3,3,304007,1,30301,0,0,0,0,1,,23,0,25
30430401,30430401,WEAPON_SKIN_NAME_30430401,4,3,4,304008,1,30401,0,0,0,0,1,,23,0,25
30430501,30430501,WEAPON_SKIN_NAME_30430501,4,3,5,304009,1,30501,0,0,0,0,1,,23,0,25
30530101,30530101,WEAPON_SKIN_NAME_30530101,5,3,1,305006,1,30101,0,0,0,0,1,,23,0,25
30530201,30530201,WEAPON_SKIN_NAME_30530201,5,3,2,305007,1,30201,0,0,0,0,1,,23,0,25
30530301,30530301,WEAPON_SKIN_NAME_30530301,5,3,3,305017,1,30301,0,0,0,0,1,,23,0,25
30530401,30530401,WEAPON_SKIN_NAME_30530401,5,3,4,305008,1,30401,0,0,0,0,1,,23,0,25
30530501,30530501,WEAPON_SKIN_NAME_30530501,5,3,5,305034,1,30501,0,0,0,0,1,,23,0,25
30630101,30630101,WEAPON_SKIN_NAME_30630101,6,3,1,306006,1,30101,0,0,0,0,1,,23,0,25
30630201,30630201,WEAPON_SKIN_NAME_30630201,6,3,2,306007,1,30201,0,0,0,0,1,,23,0,25
30630302,30630302,WEAPON_SKIN_NAME_30630302,6,3,3,306003,1,30301,0,0,0,0,1,,23,0,25
30630401,30630401,WEAPON_SKIN_NAME_30630401,6,3,4,306009,1,30401,0,0,0,0,1,,23,0,25
30630501,30630501,WEAPON_SKIN_NAME_30630501,6,3,5,306018,1,30501,0,0,0,0,1,,23,0,25
30730101,30730101,WEAPON_SKIN_NAME_30730101,7,3,1,307006,1,30101,0,0,0,0,1,,23,0,25
30730201,30730201,WEAPON_SKIN_NAME_30730201,7,3,2,307033,1,30201,0,0,0,0,1,,23,0,25
30730301,30730301,WEAPON_SKIN_NAME_30730301,7,3,3,307007,1,30301,0,0,0,0,1,,23,0,25
30730401,30730401,WEAPON_SKIN_NAME_30730401,7,3,4,307021,1,30401,0,0,0,0,1,,23,0,25
30730501,30730501,WEAPON_SKIN_NAME_30730501,7,3,5,307008,1,30501,0,0,0,0,1,,23,0,25
30830101,30830101,WEAPON_SKIN_NAME_30830101,8,3,1,308006,1,30101,0,0,0,0,1,,23,0,25
30830201,30830201,WEAPON_SKIN_NAME_30830201,8,3,2,308007,1,30201,0,0,0,0,1,,23,0,25
30830301,30830301,WEAPON_SKIN_NAME_30830301,8,3,3,308008,1,30301,0,0,0,0,1,,23,0,25
30830401,30830401,WEAPON_SKIN_NAME_30830401,8,3,4,308009,1,30401,0,0,0,0,1,,23,0,25
30830501,30830501,WEAPON_SKIN_NAME_30830501,8,3,5,308020,1,30501,0,0,0,0,1,,23,0,25
30530402,30530402,WEAPON_SKIN_NAME_30530402,5,3,4,305028,1,30401,0,0,0,0,1,,23,0,25
30830402,30830402,WEAPON_SKIN_NAME_30830402,8,3,4,308026,1,30401,0,0,0,0,1,,23,0,25
30149901,30149901,WEAPON_SKIN_NAME_30149901,1,4,99,301040,1,49901,0,0,0,0,1,,0,0,0
30249901,30249901,WEAPON_SKIN_NAME_30249901,2,4,99,302012,1,49901,302012,2,0,0,1,,0,0,0
30349901,30349901,WEAPON_SKIN_NAME_30349901,3,4,99,303033,1,49901,0,0,0,0,1,,0,0,0
30449901,30449901,WEAPON_SKIN_NAME_30449901,4,4,99,304026,1,49901,0,0,0,0,1,,0,0,0
30549901,30549901,WEAPON_SKIN_NAME_30549901,5,4,99,305029,1,49901,0,0,0,0,1,,0,0,0
30649901,30649901,WEAPON_SKIN_NAME_30649901,6,4,99,306013,1,49901,0,0,0,0,1,,0,0,0
30749901,30749901,WEAPON_SKIN_NAME_30749901,7,4,99,307012,1,49901,0,0,0,0,1,,0,0,0
30849901,30849901,WEAPON_SKIN_NAME_30849901,8,4,99,308005,1,49901,0,0,0,0,1,,0,0,0
30949901,30949901,WEAPON_SKIN_NAME_30949901,9,4,99,309002,1,49901,0,0,0,0,1,,0,0,0
30149902,30149902,WEAPON_SKIN_NAME_30149902,1,4,99,301031,1,49901,0,0,0,0,1,,23,0,25
30249902,30249902,WEAPON_SKIN_NAME_30249902,2,4,99,302031,1,49901,302031,2,0,0,1,,23,0,25
30349902,30349902,WEAPON_SKIN_NAME_30349902,3,4,99,303012,1,49901,0,0,0,0,1,,23,0,25
30449902,30449902,WEAPON_SKIN_NAME_30449902,4,4,99,304033,1,49901,0,0,0,0,1,,23,0,25
30549902,30549902,WEAPON_SKIN_NAME_30549902,5,4,99,305040,1,49901,0,0,0,0,1,,23,0,25
30649902,30649902,WEAPON_SKIN_NAME_30649902,6,4,99,306033,1,49901,0,0,0,0,1,,23,0,25
30749902,30749902,WEAPON_SKIN_NAME_30749902,7,4,99,307038,1,49901,0,0,0,0,1,,23,0,25
30849902,30849902,WEAPON_SKIN_NAME_30849902,8,4,99,308013,1,49901,0,0,0,0,1,,23,0,25
30949902,30949902,WEAPON_SKIN_NAME_30949902,9,4,99,309003,1,49901,0,0,0,0,1,,23,0,25
30149903,30149903,WEAPON_SKIN_NAME_30149903,1,4,99,301012,1,49901,0,0,0,0,1,,23,0,25
30249903,30249903,WEAPON_SKIN_NAME_30249903,2,4,99,302032,1,49901,302032,2,0,0,1,,23,0,25
30349903,30349903,WEAPON_SKIN_NAME_30349903,3,4,99,303034,1,49901,0,0,0,0,1,,23,0,25
30449903,30449903,WEAPON_SKIN_NAME_30449903,4,4,99,304034,1,49901,0,0,0,0,1,,23,0,25
30549903,30549903,WEAPON_SKIN_NAME_30549903,5,4,99,305041,1,49901,0,0,0,0,1,,23,0,25
30649903,30649903,WEAPON_SKIN_NAME_30649903,6,4,99,306011,1,49901,0,0,0,0,1,,23,0,25
30749903,30749903,WEAPON_SKIN_NAME_30749903,7,4,99,307039,1,49901,0,0,0,0,1,,23,0,25
30849903,30849903,WEAPON_SKIN_NAME_30849903,8,4,99,308010,1,49901,0,0,0,0,1,,23,0,25
30140104,30140104,WEAPON_SKIN_NAME_30140104,1,4,1,301014,1,40101,0,0,0,0,1,,23,0,25
30140201,30140201,WEAPON_SKIN_NAME_30140201,1,4,2,301009,1,40201,0,0,0,0,1,,23,0,25
30140301,30140301,WEAPON_SKIN_NAME_30140301,1,4,3,301034,1,40301,0,0,0,0,1,,23,0,25
30140401,30140401,WEAPON_SKIN_NAME_30140401,1,4,4,301036,1,40401,0,0,0,0,1,,23,0,25
30140501,30140501,WEAPON_SKIN_NAME_30140501,1,4,5,301011,1,40501,0,0,0,0,1,,23,0,25
30240101,30240101,WEAPON_SKIN_NAME_30240101,2,4,1,302015,1,40101,302015,2,0,0,1,,23,0,25
30240202,30240202,WEAPON_SKIN_NAME_30240202,2,4,2,302022,1,40201,302022,2,0,0,1,,23,0,25
30240301,30240301,WEAPON_SKIN_NAME_30240301,2,4,3,302011,1,40301,302011,2,0,0,1,,23,0,25
30240402,30240402,WEAPON_SKIN_NAME_30240402,2,4,4,302026,1,40401,302026,2,0,0,1,,23,0,25
30240501,30240501,WEAPON_SKIN_NAME_30240501,2,4,5,302029,1,40501,302029,2,0,0,1,,23,0,25
30340101,30340101,WEAPON_SKIN_NAME_30340101,3,4,1,303015,1,40101,0,0,0,0,1,,23,0,25
30340201,30340201,WEAPON_SKIN_NAME_30340201,3,4,2,303018,1,40201,0,0,0,0,1,,23,0,25
30340301,30340301,WEAPON_SKIN_NAME_30340301,3,4,3,303029,1,40301,0,0,0,0,1,,23,0,25
30340401,30340401,WEAPON_SKIN_NAME_30340401,3,4,4,303017,1,40401,0,0,0,0,1,,23,0,25
30340502,30340502,WEAPON_SKIN_NAME_30340502,3,4,5,303011,1,40501,0,0,0,0,1,,23,0,25
30440102,30440102,WEAPON_SKIN_NAME_30440102,4,4,1,304010,1,40101,0,0,0,0,1,,23,0,25
30440201,30440201,WEAPON_SKIN_NAME_30440201,4,4,2,304011,1,40201,0,0,0,0,1,,23,0,25
30440301,30440301,WEAPON_SKIN_NAME_30440301,4,4,3,304016,1,40301,0,0,0,0,1,,23,0,25
30440401,30440401,WEAPON_SKIN_NAME_30440401,4,4,4,304015,1,40401,0,0,0,0,1,,23,0,25
30440501,30440501,WEAPON_SKIN_NAME_30440501,4,4,5,304030,1,40501,0,0,0,0,1,,23,0,25
30540101,30540101,WEAPON_SKIN_NAME_30540101,5,4,1,305031,1,40101,0,0,0,0,1,,23,0,25
30540201,30540201,WEAPON_SKIN_NAME_30540201,5,4,2,305016,1,40201,0,0,0,0,1,,23,0,25
30540302,30540302,WEAPON_SKIN_NAME_30540302,5,4,3,305011,1,40301,0,0,0,0,1,,23,0,25
30540402,30540402,WEAPON_SKIN_NAME_30540402,5,4,4,305012,1,40401,0,0,0,0,1,,23,0,25
30540501,30540501,WEAPON_SKIN_NAME_30540501,5,4,5,305035,1,40501,0,0,0,0,1,,23,0,25
30640102,30640102,WEAPON_SKIN_NAME_30640102,6,4,1,306028,1,40101,0,0,0,0,1,,23,0,25
30640201,30640201,WEAPON_SKIN_NAME_30640201,6,4,2,306010,1,40201,0,0,0,0,1,,23,0,25
30640302,30640302,WEAPON_SKIN_NAME_30640302,6,4,3,306008,1,40301,0,0,0,0,1,,23,0,25
30640403,30640403,WEAPON_SKIN_NAME_30640403,6,4,4,306037,1,40401,0,0,0,0,1,,23,0,25
30640501,30640501,WEAPON_SKIN_NAME_30640501,6,4,5,306016,1,40501,0,0,0,0,1,,23,0,25
30740101,30740101,WEAPON_SKIN_NAME_30740101,7,4,1,307016,1,40101,0,0,0,0,1,,23,0,25
30740201,30740201,WEAPON_SKIN_NAME_30740201,7,4,2,307036,1,40201,0,0,0,0,1,,23,0,25
30740301,30740301,WEAPON_SKIN_NAME_30740301,7,4,3,307018,1,40301,0,0,0,0,1,,23,0,25
30740402,30740402,WEAPON_SKIN_NAME_30740402,7,4,4,307010,1,40401,0,0,0,0,1,,23,0,25
30740501,30740501,WEAPON_SKIN_NAME_30740501,7,4,5,307011,1,40501,0,0,0,0,1,,23,0,25
30840101,30840101,WEAPON_SKIN_NAME_30840101,8,4,1,308021,1,40101,0,0,0,0,1,,23,0,25
30840201,30840201,WEAPON_SKIN_NAME_30840201,8,4,2,308022,1,40201,0,0,0,0,1,,23,0,25
30840301,30840301,WEAPON_SKIN_NAME_30840301,8,4,3,308033,1,40301,0,0,0,0,1,,23,0,25
30840401,30840401,WEAPON_SKIN_NAME_30840401,8,4,4,308018,1,40401,0,0,0,0,1,,23,0,25
30840501,30840501,WEAPON_SKIN_NAME_30840501,8,4,5,308019,1,40501,0,0,0,0,1,,23,0,25
30940102,30940102,WEAPON_SKIN_NAME_30940102,9,4,4,309007,1,40401,0,0,0,0,1,,23,0,25
30940202,30940202,WEAPON_SKIN_NAME_30940202,9,4,2,309005,1,40201,0,0,0,0,1,,23,0,25
30940302,30940302,WEAPON_SKIN_NAME_30940302,9,4,3,309006,1,40301,0,0,0,0,1,,23,0,25
30940402,30940402,WEAPON_SKIN_NAME_30940402,9,4,1,309004,1,40101,0,0,0,0,1,,23,0,25
30940502,30940502,WEAPON_SKIN_NAME_30940502,9,4,5,309008,1,40501,0,0,0,0,1,,23,0,25
30340102,30340102,WEAPON_SKIN_NAME_30340102,3,4,1,303042,1,40101,0,0,0,0,1,,23,0,25
30340202,30340202,WEAPON_SKIN_NAME_30340202,3,4,2,303040,1,40201,0,0,0,0,1,,23,0,25
30340302,30340302,WEAPON_SKIN_NAME_30340302,3,4,3,303050,1,40301,0,0,0,0,1,,23,0,25
30340404,30340404,WEAPON_SKIN_NAME_30340404,3,4,4,303062,1,40401,0,0,0,0,1,,23,0,25
30340507,30340507,WEAPON_SKIN_NAME_30340507,3,4,5,303063,1,40501,0,0,0,0,1,,23,0,25
30540102,30540102,WEAPON_SKIN_NAME_30540102,5,4,1,305047,1,40101,0,0,0,0,1,,23,0,25
30540202,30540202,WEAPON_SKIN_NAME_30540202,5,4,2,305045,1,40201,0,0,0,0,1,,23,0,25
30540304,30540304,WEAPON_SKIN_NAME_30540304,5,4,3,305057,1,40301,0,0,0,0,1,,23,0,25
30540405,30540405,WEAPON_SKIN_NAME_30540405,5,4,4,305070,1,40401,0,0,0,0,1,,23,0,25
30540506,30540506,WEAPON_SKIN_NAME_30540506,5,4,5,305071,1,40501,0,0,0,0,1,,23,0,25
30640103,30640103,WEAPON_SKIN_NAME_30640103,6,4,1,306041,1,40101,0,0,0,0,1,,23,0,25
30640202,30640202,WEAPON_SKIN_NAME_30640202,6,4,2,306039,1,40201,0,0,0,0,1,,23,0,25
30640304,30640304,WEAPON_SKIN_NAME_30640304,6,4,3,306048,1,40301,0,0,0,0,1,,23,0,25
30640406,30640406,WEAPON_SKIN_NAME_30640406,6,4,4,306054,1,40401,0,0,0,0,1,,23,0,25
30640505,30640505,WEAPON_SKIN_NAME_30640505,6,4,5,306055,1,40501,0,0,0,0,1,,23,0,25
30740102,30740102,WEAPON_SKIN_NAME_30740102,7,4,1,307049,1,40101,0,0,0,0,1,,23,0,25
30740202,30740202,WEAPON_SKIN_NAME_30740202,7,4,2,307047,1,40201,0,0,0,0,1,,23,0,25
30740302,30740302,WEAPON_SKIN_NAME_30740302,7,4,3,307054,1,40301,0,0,0,0,1,,23,0,25
30740404,30740404,WEAPON_SKIN_NAME_30740404,7,4,4,307059,1,40401,0,0,0,0,1,,23,0,25
30740506,30740506,WEAPON_SKIN_NAME_30740506,7,4,5,307060,1,40501,0,0,0,0,1,,23,0,25
30240106,30240106,WEAPON_SKIN_NAME_30240106,2,4,1,302071,1,40101,302071,2,0,0,1,,23,0,25
30240208,30240208,WEAPON_SKIN_NAME_30240208,2,4,2,302072,1,40201,302072,2,0,0,1,,23,0,25
30240305,30240305,WEAPON_SKIN_NAME_30240305,2,4,3,302073,1,40301,302073,2,0,0,1,,23,0,25
30240411,30240411,WEAPON_SKIN_NAME_30240411,2,4,4,302074,1,40401,302074,2,0,0,1,,23,0,25
30240502,30240502,WEAPON_SKIN_NAME_30240502,2,4,5,302054,1,40501,302054,2,0,0,1,,23,0,25
30540106,30540106,WEAPON_SKIN_NAME_30540106,5,4,1,305080,1,40101,0,0,0,0,1,,23,0,25
30540207,30540207,WEAPON_SKIN_NAME_30540207,5,4,2,305081,1,40201,0,0,0,0,1,,23,0,25
30540306,30540306,WEAPON_SKIN_NAME_30540306,5,4,3,305082,1,40301,0,0,0,0,1,,23,0,25
30540411,30540411,WEAPON_SKIN_NAME_30540411,5,4,4,305083,1,40401,0,0,0,0,1,,23,0,25
30540504,30540504,WEAPON_SKIN_NAME_30540504,5,4,5,305062,1,40501,0,0,0,0,1,,23,0,25
30640106,30640106,WEAPON_SKIN_NAME_30640106,6,4,1,306066,1,40101,0,0,0,0,1,,23,0,25
30640206,30640206,WEAPON_SKIN_NAME_30640206,6,4,2,306067,1,40201,0,0,0,0,1,,23,0,25
30640306,30640306,WEAPON_SKIN_NAME_30640306,6,4,3,306068,1,40301,0,0,0,0,1,,23,0,25
30640411,30640411,WEAPON_SKIN_NAME_30640411,6,4,4,306069,1,40401,0,0,0,0,1,,23,0,25
30640503,30640503,WEAPON_SKIN_NAME_30640503,6,4,5,306052,1,40501,0,0,0,0,1,,23,0,25
30740105,30740105,WEAPON_SKIN_NAME_30740105,7,4,1,307072,1,40101,0,0,0,0,1,,23,0,25
30740207,30740207,WEAPON_SKIN_NAME_30740207,7,4,2,307073,1,40201,0,0,0,0,1,,23,0,25
30740304,30740304,WEAPON_SKIN_NAME_30740304,7,4,3,307074,1,40301,0,0,0,0,1,,23,0,25
30740409,30740409,WEAPON_SKIN_NAME_30740409,7,4,4,307075,1,40401,0,0,0,0,1,,23,0,25
30740503,30740503,WEAPON_SKIN_NAME_30740503,7,4,5,307056,1,40501,0,0,0,0,1,,23,0,25
30140109,30140109,WEAPON_SKIN_NAME_30140109,1,4,1,301060,1,40101,0,0,0,0,1,,23,0,25
30140202,30140202,WEAPON_SKIN_NAME_30140202,1,4,2,301061,1,40201,0,0,0,0,1,,23,0,25
30140302,30140302,WEAPON_SKIN_NAME_30140302,1,4,3,301048,1,40301,0,0,0,0,1,,23,0,25
30140404,30140404,WEAPON_SKIN_NAME_30140404,1,4,4,301062,1,40401,0,0,0,0,1,,23,0,25
30140502,30140502,WEAPON_SKIN_NAME_30140502,1,4,5,301050,1,40501,0,0,0,0,1,,23,0,25
30240107,30240107,WEAPON_SKIN_NAME_30240107,2,4,1,302075,1,40101,302075,2,0,0,1,,23,0,25
30240206,30240206,WEAPON_SKIN_NAME_30240206,2,4,2,302069,1,40201,302069,2,0,0,1,,23,0,25
30240304,30240304,WEAPON_SKIN_NAME_30240304,2,4,3,302083,1,40301,302083,2,0,0,1,,23,0,25
30240405,30240405,WEAPON_SKIN_NAME_30240405,2,4,4,302070,1,40401,302070,2,0,0,1,,23,0,25
30240503,30240503,WEAPON_SKIN_NAME_30240503,2,4,5,302082,1,40501,302082,2,0,0,1,,23,0,25
30340106,30340106,WEAPON_SKIN_NAME_30340106,3,4,1,303074,1,40101,0,0,0,0,1,,23,0,25
30340206,30340206,WEAPON_SKIN_NAME_30340206,3,4,2,303069,1,40201,0,0,0,0,1,,23,0,25
30340305,30340305,WEAPON_SKIN_NAME_30340305,3,4,3,303078,1,40301,0,0,0,0,1,,23,0,25
30340405,30340405,WEAPON_SKIN_NAME_30340405,3,4,4,303070,1,40401,0,0,0,0,1,,23,0,25
30340504,30340504,WEAPON_SKIN_NAME_30340504,3,4,5,303077,1,40501,0,0,0,0,1,,23,0,25
30440107,30440107,WEAPON_SKIN_NAME_30440107,4,4,1,304051,1,40101,0,0,0,0,1,,23,0,25
30440203,30440203,WEAPON_SKIN_NAME_30440203,4,4,2,304052,1,40201,0,0,0,0,1,,23,0,25
30440302,30440302,WEAPON_SKIN_NAME_30440302,4,4,3,304038,1,40301,0,0,0,0,1,,23,0,25
30440403,30440403,WEAPON_SKIN_NAME_30440403,4,4,4,304053,1,40401,0,0,0,0,1,,23,0,25
30440502,30440502,WEAPON_SKIN_NAME_30440502,4,4,5,304040,1,40501,0,0,0,0,1,,23,0,25
30540107,30540107,WEAPON_SKIN_NAME_30540107,5,4,1,305059,1,40101,0,0,0,0,1,,23,0,25
30540204,30540204,WEAPON_SKIN_NAME_30540204,5,4,2,305060,1,40201,0,0,0,0,1,,23,0,25
30540303,30540303,WEAPON_SKIN_NAME_30540303,5,4,3,305050,1,40301,0,0,0,0,1,,23,0,25
30540403,30540403,WEAPON_SKIN_NAME_30540403,5,4,4,305061,1,40401,0,0,0,0,1,,23,0,25
30540502,30540502,WEAPON_SKIN_NAME_30540502,5,4,5,305052,1,40501,0,0,0,0,1,,23,0,25
30640108,30640108,WEAPON_SKIN_NAME_30640108,6,4,1,306049,1,40101,0,0,0,0,1,,23,0,25
30640203,30640203,WEAPON_SKIN_NAME_30640203,6,4,2,306050,1,40201,0,0,0,0,1,,23,0,25
30640303,30640303,WEAPON_SKIN_NAME_30640303,6,4,3,306044,1,40301,0,0,0,0,1,,23,0,25
30640404,30640404,WEAPON_SKIN_NAME_30640404,6,4,4,306051,1,40401,0,0,0,0,1,,23,0,25
30640502,30640502,WEAPON_SKIN_NAME_30640502,6,4,5,306046,1,40501,0,0,0,0,1,,23,0,25
30140105,30140105,WEAPON_SKIN_NAME_30140105,1,4,1,301053,1,40101,0,0,0,0,1,,23,0,25
30140203,30140203,WEAPON_SKIN_NAME_30140203,1,4,2,301063,1,40201,0,0,0,0,1,,23,0,25
30140304,30140304,WEAPON_SKIN_NAME_30140304,1,4,3,301064,1,40301,0,0,0,0,1,,23,0,25
30140403,30140403,WEAPON_SKIN_NAME_30140403,1,4,4,301065,1,40401,0,0,0,0,1,,23,0,25
30140503,30140503,WEAPON_SKIN_NAME_30140503,1,4,5,301066,1,40501,0,0,0,0,1,,23,0,25
30240102,30240102,WEAPON_SKIN_NAME_30240102,2,4,1,302042,1,40101,302042,2,0,0,1,,23,0,25
30240203,30240203,WEAPON_SKIN_NAME_30240203,2,4,2,302049,1,40201,302049,2,0,0,1,,23,0,25
30240303,30240303,WEAPON_SKIN_NAME_30240303,2,4,3,302050,1,40301,302050,2,0,0,1,,23,0,25
30240404,30240404,WEAPON_SKIN_NAME_30240404,2,4,4,302051,1,40401,302051,2,0,0,1,,23,0,25
30240504,30240504,WEAPON_SKIN_NAME_30240504,2,4,5,302052,1,40501,302052,2,0,0,1,,23,0,25
30340103,30340103,WEAPON_SKIN_NAME_30340103,3,4,1,303045,1,40101,0,0,0,0,1,,23,0,25
30340204,30340204,WEAPON_SKIN_NAME_30340204,3,4,2,303052,1,40201,0,0,0,0,1,,23,0,25
30340303,30340303,WEAPON_SKIN_NAME_30340303,3,4,3,303053,1,40301,0,0,0,0,1,,23,0,25
30340402,30340402,WEAPON_SKIN_NAME_30340402,3,4,4,303054,1,40401,0,0,0,0,1,,23,0,25
30340505,30340505,WEAPON_SKIN_NAME_30340505,3,4,5,303055,1,40501,0,0,0,0,1,,23,0,25
30440105,30440105,WEAPON_SKIN_NAME_30440105,4,4,1,304060,1,40101,0,0,0,0,1,,23,0,25
30440207,30440207,WEAPON_SKIN_NAME_30440207,4,4,2,304061,1,40201,0,0,0,0,1,,23,0,25
30440306,30440306,WEAPON_SKIN_NAME_30440306,4,4,3,304071,1,40301,0,0,0,0,1,,23,0,25
30440404,30440404,WEAPON_SKIN_NAME_30440404,4,4,4,304062,1,40401,0,0,0,0,1,,23,0,25
30440505,30440505,WEAPON_SKIN_NAME_30440505,4,4,5,304072,1,40501,0,0,0,0,1,,23,0,25
30740103,30740103,WEAPON_SKIN_NAME_30740103,7,4,1,307062,1,40101,0,0,0,0,1,,23,0,25
30740205,30740205,WEAPON_SKIN_NAME_30740205,7,4,2,307063,1,40201,0,0,0,0,1,,23,0,25
30740306,30740306,WEAPON_SKIN_NAME_30740306,7,4,3,307080,1,40301,0,0,0,0,1,,23,0,25
30740405,30740405,WEAPON_SKIN_NAME_30740405,7,4,4,307064,1,40401,0,0,0,0,1,,23,0,25
30740504,30740504,WEAPON_SKIN_NAME_30740504,7,4,5,307081,1,40501,0,0,0,0,1,,23,0,25
30840102,30840102,WEAPON_SKIN_NAME_30840102,8,4,1,308041,1,40101,0,0,0,0,1,,23,0,25
30840203,30840203,WEAPON_SKIN_NAME_30840203,8,4,2,308048,1,40201,0,0,0,0,1,,23,0,25
30840303,30840303,WEAPON_SKIN_NAME_30840303,8,4,3,308049,1,40301,0,0,0,0,1,,23,0,25
30840403,30840403,WEAPON_SKIN_NAME_30840403,8,4,4,308050,1,40401,0,0,0,0,1,,23,0,25
30840502,30840502,WEAPON_SKIN_NAME_30840502,8,4,5,308051,1,40501,0,0,0,0,1,,23,0,25
30340208,30340208,WEAPON_SKIN_NAME_30340208,3,4,2,303038,1,40201,0,0,0,0,1,,23,0,25
30740208,30740208,WEAPON_SKIN_NAME_30740208,7,4,2,307044,1,40201,0,0,0,0,1,,23,0,25
30159901,30159901,WEAPON_SKIN_NAME_30159901,1,5,99,301041,1,59901,0,0,0,0,1,,0,0,0
30259901,30259901,WEAPON_SKIN_NAME_30259901,2,5,99,302014,1,59901,302014,2,0,0,1,,0,0,0
30359901,30359901,WEAPON_SKIN_NAME_30359901,3,5,99,303035,1,59901,0,0,0,0,1,,0,0,0
30459901,30459901,WEAPON_SKIN_NAME_30459901,4,5,99,304012,1,59901,0,0,0,0,1,,0,0,0
30559901,30559901,WEAPON_SKIN_NAME_30559901,5,5,99,305015,1,59901,0,0,0,0,1,,0,0,0
30659901,30659901,WEAPON_SKIN_NAME_30659901,6,5,99,306015,1,59901,0,0,0,0,1,,0,0,0
30759901,30759901,WEAPON_SKIN_NAME_30759901,7,5,99,307031,1,59901,0,0,0,0,1,,0,0,0
30859901,30859901,WEAPON_SKIN_NAME_30859901,8,5,99,308030,1,59901,0,0,0,0,1,,0,0,0
30959901,30959901,WEAPON_SKIN_NAME_30959901,9,5,99,309009,1,59901,0,0,0,0,1,,0,0,0
30159902,30159902,WEAPON_SKIN_NAME_30159902,1,5,99,301042,1,59901,0,0,0,0,1,,23,0,25
30259902,30259902,WEAPON_SKIN_NAME_30259902,2,5,99,302033,1,59901,302033,2,0,0,1,,23,0,25
30359902,30359902,WEAPON_SKIN_NAME_30359902,3,5,99,303014,1,59901,0,0,0,0,1,,23,0,25
30459902,30459902,WEAPON_SKIN_NAME_30459902,4,5,99,304035,1,59901,0,0,0,0,1,,23,0,25
30559902,30559902,WEAPON_SKIN_NAME_30559902,5,5,99,305042,1,59901,0,0,0,0,1,,23,0,25
30659902,30659902,WEAPON_SKIN_NAME_30659902,6,5,99,306034,1,59901,0,0,0,0,1,,23,0,25
30759902,30759902,WEAPON_SKIN_NAME_30759902,7,5,99,307040,1,59901,0,0,0,0,1,,23,0,25
30859902,30859902,WEAPON_SKIN_NAME_30859902,8,5,99,308038,1,59901,0,0,0,0,1,,23,0,25
30959902,30959902,WEAPON_SKIN_NAME_30959902,9,5,99,309010,1,59901,0,0,0,0,1,,23,0,25
30159903,30159903,WEAPON_SKIN_NAME_30159903,1,5,99,301043,1,59901,0,0,0,0,1,,23,0,25
30259903,30259903,WEAPON_SKIN_NAME_30259903,2,5,99,302034,1,59901,302034,2,0,0,1,,23,0,25
30359903,30359903,WEAPON_SKIN_NAME_30359903,3,5,99,303036,1,59901,0,0,0,0,1,,23,0,25
30459903,30459903,WEAPON_SKIN_NAME_30459903,4,5,99,304036,1,59901,0,0,0,0,1,,23,0,25
30559903,30559903,WEAPON_SKIN_NAME_30559903,5,5,99,305043,1,59901,0,0,0,0,1,,23,0,25
30659903,30659903,WEAPON_SKIN_NAME_30659903,6,5,99,306035,1,59901,0,0,0,0,1,,23,0,25
30759903,30759903,WEAPON_SKIN_NAME_30759903,7,5,99,307041,1,59901,0,0,0,0,1,,23,0,25
30859903,30859903,WEAPON_SKIN_NAME_30859903,8,5,99,308039,1,59901,0,0,0,0,1,,23,0,25
30259904,30259904,WEAPON_SKIN_NAME_30259904,2,5,99,302035,1,59901,302035,2,0,0,1,,23,0,25
30659904,30659904,WEAPON_SKIN_NAME_30659904,6,5,99,306036,1,59901,0,0,0,0,1,,23,0,25
30150101,30150101,WEAPON_SKIN_NAME_30150101,1,5,1,301032,1,50101,0,0,0,0,1,,0,0,0
30150202,30150202,WEAPON_SKIN_NAME_30150202,1,5,2,301010,1,50201,0,0,0,0,1,,0,0,0
30150301,30150301,WEAPON_SKIN_NAME_30150301,1,5,3,301033,1,50301,0,0,0,0,1,,0,0,0
30150401,30150401,WEAPON_SKIN_NAME_30150401,1,5,4,301015,1,50401,0,0,0,0,1,,0,0,0
30150501,30150501,WEAPON_SKIN_NAME_30150501,1,5,5,301037,1,50501,0,0,0,0,1,,0,0,0
30250101,30250101,WEAPON_SKIN_NAME_30250101,2,5,1,302013,1,50101,302013,2,0,0,1,,0,0,0
30250201,30250201,WEAPON_SKIN_NAME_30250201,2,5,2,302010,1,50201,302010,2,0,0,1,,0,0,0
30250301,30250301,WEAPON_SKIN_NAME_30250301,2,5,3,302023,1,50301,302023,2,0,0,1,,0,0,0
30250401,30250401,WEAPON_SKIN_NAME_30250401,2,5,4,302025,1,50401,302025,2,0,0,1,,0,0,0
30250501,30250501,WEAPON_SKIN_NAME_30250501,2,5,5,302028,1,50501,302028,2,0,0,1,,0,0,0
30350102,30350102,WEAPON_SKIN_NAME_30350102,3,5,1,303013,1,50101,0,0,0,0,1,,0,0,0
30350201,30350201,WEAPON_SKIN_NAME_30350201,3,5,2,303020,1,50201,0,0,0,0,1,,0,0,0
30350301,30350301,WEAPON_SKIN_NAME_30350301,3,5,3,303028,1,50301,0,0,0,0,1,,0,0,0
30350401,30350401,WEAPON_SKIN_NAME_30350401,3,5,4,303030,1,50401,0,0,0,0,1,,0,0,0
30350501,30350501,WEAPON_SKIN_NAME_30350501,3,5,5,303031,1,50501,0,0,0,0,1,,0,0,0
30450101,30450101,WEAPON_SKIN_NAME_30450101,4,5,1,304027,1,50101,0,0,0,0,1,,0,0,0
30450201,30450201,WEAPON_SKIN_NAME_30450201,4,5,2,304028,1,50201,0,0,0,0,1,,0,0,0
30450301,30450301,WEAPON_SKIN_NAME_30450301,4,5,3,304029,1,50301,0,0,0,0,1,,0,0,0
30450401,30450401,WEAPON_SKIN_NAME_30450401,4,5,4,304013,1,50401,0,0,0,0,1,,0,0,0
30450501,30450501,WEAPON_SKIN_NAME_30450501,4,5,5,304014,1,50501,0,0,0,0,1,,0,0,0
30550101,30550101,WEAPON_SKIN_NAME_30550101,5,5,1,305030,1,50101,0,0,0,0,1,,0,0,0
30550201,30550201,WEAPON_SKIN_NAME_30550201,5,5,2,305014,1,50201,0,0,0,0,1,,0,0,0
30550301,30550301,WEAPON_SKIN_NAME_30550301,5,5,3,305032,1,50301,0,0,0,0,1,,0,0,0
30550402,30550402,WEAPON_SKIN_NAME_30550402,5,5,4,305033,1,50401,0,0,0,0,1,,0,0,0
30550501,30550501,WEAPON_SKIN_NAME_30550501,5,5,5,305036,1,50501,0,0,0,0,1,,0,0,0
30650101,30650101,WEAPON_SKIN_NAME_30650101,6,5,1,306027,1,50101,0,0,0,0,1,,0,0,0
30650201,30650201,WEAPON_SKIN_NAME_30650201,6,5,2,306029,1,50201,0,0,0,0,1,,0,0,0
30650302,30650302,WEAPON_SKIN_NAME_30650302,6,5,3,306030,1,50301,0,0,0,0,1,,0,0,0
30650402,30650402,WEAPON_SKIN_NAME_30650402,6,5,4,306031,1,50401,0,0,0,0,1,,0,0,0
30650501,30650501,WEAPON_SKIN_NAME_30650501,6,5,5,306014,1,50501,0,0,0,0,1,,0,0,0
30750101,30750101,WEAPON_SKIN_NAME_30750101,7,5,1,307015,1,50101,0,0,0,0,1,,0,0,0
30750202,30750202,WEAPON_SKIN_NAME_30750202,7,5,2,307032,1,50201,0,0,0,0,1,,0,0,0
30750301,30750301,WEAPON_SKIN_NAME_30750301,7,5,3,307014,1,50301,0,0,0,0,1,,0,0,0
30750401,30750401,WEAPON_SKIN_NAME_30750401,7,5,4,307034,1,50401,0,0,0,0,1,,0,0,0
30750501,30750501,WEAPON_SKIN_NAME_30750501,7,5,5,307035,1,50501,0,0,0,0,1,,0,0,0
30850101,30850101,WEAPON_SKIN_NAME_30850101,8,5,1,308031,1,50101,0,0,0,0,1,,0,0,0
30850201,30850201,WEAPON_SKIN_NAME_30850201,8,5,2,308011,1,50201,0,0,0,0,1,,0,0,0
30850301,30850301,WEAPON_SKIN_NAME_30850301,8,5,3,308032,1,50301,0,0,0,0,1,,0,0,0
30850401,30850401,WEAPON_SKIN_NAME_30850401,8,5,4,308014,1,50401,0,0,0,0,1,,0,0,0
30850501,30850501,WEAPON_SKIN_NAME_30850501,8,5,5,308015,1,50501,0,0,0,0,1,,0,0,0
30950102,30950102,WEAPON_SKIN_NAME_30950102,9,5,1,309011,1,50101,0,0,0,0,1,,0,0,0
30950202,30950202,WEAPON_SKIN_NAME_30950202,9,5,2,309012,1,50201,0,0,0,0,1,,0,0,0
30950302,30950302,WEAPON_SKIN_NAME_30950302,9,5,3,309013,1,50301,0,0,0,0,1,,0,0,0
30950402,30950402,WEAPON_SKIN_NAME_30950402,9,5,4,309014,1,50401,0,0,0,0,1,,0,0,0
30950502,30950502,WEAPON_SKIN_NAME_30950502,9,5,5,309015,1,50501,0,0,0,0,1,,0,0,0
30150102,30150102,WEAPON_SKIN_NAME_30150102,1,5,1,301056,1,50101,0,0,0,0,1,,0,0,0
30150203,30150203,WEAPON_SKIN_NAME_30150203,1,5,2,301077,1,50201,0,0,0,0,1,,0,0,0
30150303,30150303,WEAPON_SKIN_NAME_30150303,1,5,3,301098,1,50301,0,0,0,0,1,,0,0,0
30150408,30150408,WEAPON_SKIN_NAME_30150408,1,5,4,301117,1,50401,0,0,0,0,1,,0,0,0
30150502,30150502,WEAPON_SKIN_NAME_30150502,1,5,5,301106,1,50501,0,0,0,0,1,,0,0,0
30250102,30250102,WEAPON_SKIN_NAME_30250102,2,5,1,302045,1,50101,302045,2,0,0,1,,0,0,0
30250202,30250202,WEAPON_SKIN_NAME_30250202,2,5,2,302058,1,50201,302058,2,0,0,1,,0,0,0
30250303,30250303,WEAPON_SKIN_NAME_30250303,2,5,3,302089,1,50301,302089,2,0,0,1,,0,0,0
30250407,30250407,WEAPON_SKIN_NAME_30250407,2,5,4,302108,1,50401,302108,2,0,0,1,,0,0,0
30250502,30250502,WEAPON_SKIN_NAME_30250502,2,5,5,302097,1,50501,302097,2,0,0,1,,0,0,0
30350103,30350103,WEAPON_SKIN_NAME_30350103,3,5,1,303065,1,50101,0,0,0,0,1,,0,0,0
30350203,30350203,WEAPON_SKIN_NAME_30350203,3,5,2,303058,1,50201,0,0,0,0,1,,0,0,0
30350303,30350303,WEAPON_SKIN_NAME_30350303,3,5,3,303088,1,50301,0,0,0,0,1,,0,0,0
30350406,30350406,WEAPON_SKIN_NAME_30350406,3,5,4,303107,1,50401,0,0,0,0,1,,0,0,0
30350503,30350503,WEAPON_SKIN_NAME_30350503,3,5,5,303096,1,50501,0,0,0,0,1,,0,0,0
30450102,30450102,WEAPON_SKIN_NAME_30450102,4,5,1,304043,1,50101,0,0,0,0,1,,0,0,0
30450203,30450203,WEAPON_SKIN_NAME_30450203,4,5,2,304066,1,50201,0,0,0,0,1,,0,0,0
30450303,30450303,WEAPON_SKIN_NAME_30450303,4,5,3,304087,1,50301,0,0,0,0,1,,0,0,0
30450407,30450407,WEAPON_SKIN_NAME_30450407,4,5,4,304106,1,50401,0,0,0,0,1,,0,0,0
30450503,30450503,WEAPON_SKIN_NAME_30450503,4,5,5,304095,1,50501,0,0,0,0,1,,0,0,0
30550102,30550102,WEAPON_SKIN_NAME_30550102,5,5,1,305077,1,50101,0,0,0,0,1,,0,0,0
30550203,30550203,WEAPON_SKIN_NAME_30550203,5,5,2,305066,1,50201,0,0,0,0,1,,0,0,0
30550303,30550303,WEAPON_SKIN_NAME_30550303,5,5,3,305094,1,50301,0,0,0,0,1,,0,0,0
30550408,30550408,WEAPON_SKIN_NAME_30550408,5,5,4,305113,1,50401,0,0,0,0,1,,0,0,0
30550503,30550503,WEAPON_SKIN_NAME_30550503,5,5,5,305102,1,50501,0,0,0,0,1,,0,0,0
30650102,30650102,WEAPON_SKIN_NAME_30650102,6,5,1,306061,1,50101,0,0,0,0,1,,0,0,0
30650202,30650202,WEAPON_SKIN_NAME_30650202,6,5,2,306071,1,50201,0,0,0,0,1,,0,0,0
30650304,30650304,WEAPON_SKIN_NAME_30650304,6,5,3,306087,1,50301,0,0,0,0,1,,0,0,0
30650407,30650407,WEAPON_SKIN_NAME_30650407,6,5,4,306106,1,50401,0,0,0,0,1,,0,0,0
30650502,30650502,WEAPON_SKIN_NAME_30650502,6,5,5,306095,1,50501,0,0,0,0,1,,0,0,0
30750102,30750102,WEAPON_SKIN_NAME_30750102,7,5,1,307066,1,50101,0,0,0,0,1,,0,0,0
30750204,30750204,WEAPON_SKIN_NAME_30750204,7,5,2,307077,1,50201,0,0,0,0,1,,0,0,0
30750303,30750303,WEAPON_SKIN_NAME_30750303,7,5,3,307095,1,50301,0,0,0,0,1,,0,0,0
30750406,30750406,WEAPON_SKIN_NAME_30750406,7,5,4,307114,1,50401,0,0,0,0,1,,0,0,0
30750503,30750503,WEAPON_SKIN_NAME_30750503,7,5,5,307103,1,50501,0,0,0,0,1,,0,0,0
30850102,30850102,WEAPON_SKIN_NAME_30850102,8,5,1,308044,1,50101,0,0,0,0,1,,0,0,0
30850202,30850202,WEAPON_SKIN_NAME_30850202,8,5,2,308055,1,50201,0,0,0,0,1,,0,0,0
30850303,30850303,WEAPON_SKIN_NAME_30850303,8,5,3,308088,1,50301,0,0,0,0,1,,0,0,0
30850406,30850406,WEAPON_SKIN_NAME_30850406,8,5,4,308107,1,50401,0,0,0,0,1,,0,0,0
30850502,30850502,WEAPON_SKIN_NAME_30850502,8,5,5,308096,1,50501,0,0,0,0,1,,0,0,0
30150103,30150103,WEAPON_SKIN_NAME_30150103,1,5,1,301080,1,50101,0,0,0,0,1,,23,0,25
30150204,30150204,WEAPON_SKIN_NAME_30150204,1,5,2,301097,1,50201,0,0,0,0,1,,23,0,25
30150302,30150302,WEAPON_SKIN_NAME_30150302,1,5,3,301067,1,50301,0,0,0,0,1,,23,0,25
30150404,30150404,WEAPON_SKIN_NAME_30150404,1,5,4,301105,1,50401,0,0,0,0,1,,23,0,25
30150508,30150508,WEAPON_SKIN_NAME_30150508,1,5,5,301118,1,50501,0,0,0,0,1,,23,0,25
30250103,30250103,WEAPON_SKIN_NAME_30250103,2,5,1,302057,1,50101,302057,2,0,0,1,,23,0,25
30250203,30250203,WEAPON_SKIN_NAME_30250203,2,5,2,302088,1,50201,302088,2,0,0,1,,23,0,25
30250302,30250302,WEAPON_SKIN_NAME_30250302,2,5,3,302053,1,50301,302053,2,0,0,1,,23,0,25
30250403,30250403,WEAPON_SKIN_NAME_30250403,2,5,4,302096,1,50401,302096,2,0,0,1,,23,0,25
30250505,30250505,WEAPON_SKIN_NAME_30250505,2,5,5,302109,1,50501,302109,2,0,0,1,,23,0,25
30350104,30350104,WEAPON_SKIN_NAME_30350104,3,5,1,303057,1,50101,0,0,0,0,1,,23,0,25
30350204,30350204,WEAPON_SKIN_NAME_30350204,3,5,2,303087,1,50201,0,0,0,0,1,,23,0,25
30350302,30350302,WEAPON_SKIN_NAME_30350302,3,5,3,303066,1,50301,0,0,0,0,1,,23,0,25
30350403,30350403,WEAPON_SKIN_NAME_30350403,3,5,4,303095,1,50401,0,0,0,0,1,,23,0,25
30350506,30350506,WEAPON_SKIN_NAME_30350506,3,5,5,303108,1,50501,0,0,0,0,1,,23,0,25
30450103,30450103,WEAPON_SKIN_NAME_30450103,4,5,1,304068,1,50101,0,0,0,0,1,,23,0,25
30450204,30450204,WEAPON_SKIN_NAME_30450204,4,5,2,304086,1,50201,0,0,0,0,1,,23,0,25
30450302,30450302,WEAPON_SKIN_NAME_30450302,4,5,3,304054,1,50301,0,0,0,0,1,,23,0,25
30450403,30450403,WEAPON_SKIN_NAME_30450403,4,5,4,304094,1,50401,0,0,0,0,1,,23,0,25
30450506,30450506,WEAPON_SKIN_NAME_30450506,4,5,5,304107,1,50501,0,0,0,0,1,,23,0,25
30550103,30550103,WEAPON_SKIN_NAME_30550103,5,5,1,305065,1,50101,0,0,0,0,1,,23,0,25
30550204,30550204,WEAPON_SKIN_NAME_30550204,5,5,2,305093,1,50201,0,0,0,0,1,,23,0,25
30550302,30550302,WEAPON_SKIN_NAME_30550302,5,5,3,305078,1,50301,0,0,0,0,1,,23,0,25
30550404,30550404,WEAPON_SKIN_NAME_30550404,5,5,4,305101,1,50401,0,0,0,0,1,,23,0,25
30550506,30550506,WEAPON_SKIN_NAME_30550506,5,5,5,305114,1,50501,0,0,0,0,1,,23,0,25
30650103,30650103,WEAPON_SKIN_NAME_30650103,6,5,1,306073,1,50101,0,0,0,0,1,,23,0,25
30650203,30650203,WEAPON_SKIN_NAME_30650203,6,5,2,306086,1,50201,0,0,0,0,1,,23,0,25
30650303,30650303,WEAPON_SKIN_NAME_30650303,6,5,3,306062,1,50301,0,0,0,0,1,,23,0,25
30650404,30650404,WEAPON_SKIN_NAME_30650404,6,5,4,306094,1,50401,0,0,0,0,1,,23,0,25
30650505,30650505,WEAPON_SKIN_NAME_30650505,6,5,5,306107,1,50501,0,0,0,0,1,,23,0,25
30750103,30750103,WEAPON_SKIN_NAME_30750103,7,5,1,307079,1,50101,0,0,0,0,1,,23,0,25
30750205,30750205,WEAPON_SKIN_NAME_30750205,7,5,2,307094,1,50201,0,0,0,0,1,,23,0,25
30750302,30750302,WEAPON_SKIN_NAME_30750302,7,5,3,307067,1,50301,0,0,0,0,1,,23,0,25
30750403,30750403,WEAPON_SKIN_NAME_30750403,7,5,4,307102,1,50401,0,0,0,0,1,,23,0,25
30750506,30750506,WEAPON_SKIN_NAME_30750506,7,5,5,307115,1,50501,0,0,0,0,1,,23,0,25
30850103,30850103,WEAPON_SKIN_NAME_30850103,8,5,1,308054,1,50101,0,0,0,0,1,,23,0,25
30850203,30850203,WEAPON_SKIN_NAME_30850203,8,5,2,308087,1,50201,0,0,0,0,1,,23,0,25
30850302,30850302,WEAPON_SKIN_NAME_30850302,8,5,3,308052,1,50301,0,0,0,0,1,,23,0,25
30850403,30850403,WEAPON_SKIN_NAME_30850403,8,5,4,308095,1,50401,0,0,0,0,1,,23,0,25
30850505,30850505,WEAPON_SKIN_NAME_30850505,8,5,5,308108,1,50501,0,0,0,0,1,,23,0,25
30150402,30150402,WEAPON_SKIN_NAME_30150402,1,5,4,301058,1,50401,0,0,0,0,1,,23,0,25
30250402,30250402,WEAPON_SKIN_NAME_30250402,2,5,4,302047,1,50401,302047,2,0,0,1,,23,0,25
30450402,30450402,WEAPON_SKIN_NAME_30450402,4,5,4,304045,1,50401,0,0,0,0,1,,23,0,25
30850402,30850402,WEAPON_SKIN_NAME_30850402,8,5,4,308046,1,50401,0,0,0,0,1,,23,0,25
30150110,30150110,WEAPON_SKIN_NAME_30150110,1,5,1,301108,1,50101,0,0,0,0,1,,23,0,25
30150211,30150211,WEAPON_SKIN_NAME_30150211,1,5,2,301109,1,50201,0,0,0,0,1,,23,0,25
30150312,30150312,WEAPON_SKIN_NAME_30150312,1,5,3,301110,1,50301,0,0,0,0,1,,23,0,25
30150407,30150407,WEAPON_SKIN_NAME_30150407,1,5,4,301111,1,50401,0,0,0,0,1,,23,0,25
30250107,30250107,WEAPON_SKIN_NAME_30250107,2,5,1,302099,1,50101,302099,2,0,0,1,,23,0,25
30250208,30250208,WEAPON_SKIN_NAME_30250208,2,5,2,302100,1,50201,302100,2,0,0,1,,23,0,25
30250309,30250309,WEAPON_SKIN_NAME_30250309,2,5,3,302101,1,50301,302101,2,0,0,1,,23,0,25
30250406,30250406,WEAPON_SKIN_NAME_30250406,2,5,4,302102,1,50401,302102,2,0,0,1,,23,0,25
30350112,30350112,WEAPON_SKIN_NAME_30350112,3,5,1,303098,1,50101,0,0,0,0,1,,23,0,25
30350210,30350210,WEAPON_SKIN_NAME_30350210,3,5,2,303099,1,50201,0,0,0,0,1,,23,0,25
30350310,30350310,WEAPON_SKIN_NAME_30350310,3,5,3,303100,1,50301,0,0,0,0,1,,23,0,25
30350411,30350411,WEAPON_SKIN_NAME_30350411,3,5,4,303101,1,50401,0,0,0,0,1,,23,0,25
30450107,30450107,WEAPON_SKIN_NAME_30450107,4,5,1,304097,1,50101,0,0,0,0,1,,23,0,25
30450208,30450208,WEAPON_SKIN_NAME_30450208,4,5,2,304098,1,50201,0,0,0,0,1,,23,0,25
30450309,30450309,WEAPON_SKIN_NAME_30450309,4,5,3,304099,1,50301,0,0,0,0,1,,23,0,25
30450406,30450406,WEAPON_SKIN_NAME_30450406,4,5,4,304100,1,50401,0,0,0,0,1,,23,0,25
30550107,30550107,WEAPON_SKIN_NAME_30550107,5,5,1,305104,1,50101,0,0,0,0,1,,23,0,25
30550208,30550208,WEAPON_SKIN_NAME_30550208,5,5,2,305105,1,50201,0,0,0,0,1,,23,0,25
30550309,30550309,WEAPON_SKIN_NAME_30550309,5,5,3,305106,1,50301,0,0,0,0,1,,23,0,25
30550407,30550407,WEAPON_SKIN_NAME_30550407,5,5,4,305107,1,50401,0,0,0,0,1,,23,0,25
30650111,30650111,WEAPON_SKIN_NAME_30650111,6,5,1,306097,1,50101,0,0,0,0,1,,23,0,25
30650210,30650210,WEAPON_SKIN_NAME_30650210,6,5,2,306098,1,50201,0,0,0,0,1,,23,0,25
30650311,30650311,WEAPON_SKIN_NAME_30650311,6,5,3,306099,1,50301,0,0,0,0,1,,23,0,25
30650412,30650412,WEAPON_SKIN_NAME_30650412,6,5,4,306100,1,50401,0,0,0,0,1,,23,0,25
30750111,30750111,WEAPON_SKIN_NAME_30750111,7,5,1,307105,1,50101,0,0,0,0,1,,23,0,25
30750211,30750211,WEAPON_SKIN_NAME_30750211,7,5,2,307106,1,50201,0,0,0,0,1,,23,0,25
30750310,30750310,WEAPON_SKIN_NAME_30750310,7,5,3,307107,1,50301,0,0,0,0,1,,23,0,25
30750411,30750411,WEAPON_SKIN_NAME_30750411,7,5,4,307108,1,50401,0,0,0,0,1,,23,0,25
30850111,30850111,WEAPON_SKIN_NAME_30850111,8,5,1,308098,1,50101,0,0,0,0,1,,23,0,25
30850210,30850210,WEAPON_SKIN_NAME_30850210,8,5,2,308099,1,50201,0,0,0,0,1,,23,0,25
30850310,30850310,WEAPON_SKIN_NAME_30850310,8,5,3,308100,1,50301,0,0,0,0,1,,23,0,25
30850411,30850411,WEAPON_SKIN_NAME_30850411,8,5,4,308101,1,50401,0,0,0,0,1,,23,0,25
30150115,30150115,WEAPON_SKIN_NAME_30150115,1,5,1,301125,1,50101,0,0,0,0,1,,23,0,25
30150214,30150214,WEAPON_SKIN_NAME_30150214,1,5,2,301126,1,50201,0,0,0,0,1,,23,0,25
30150313,30150313,WEAPON_SKIN_NAME_30150313,1,5,3,301127,1,50301,0,0,0,0,1,,23,0,25
30150413,30150413,WEAPON_SKIN_NAME_30150413,1,5,4,301128,1,50401,0,0,0,0,1,,23,0,25
30150512,30150512,WEAPON_SKIN_NAME_30150512,1,5,5,301129,1,50501,0,0,0,0,1,,23,0,25
30250111,30250111,WEAPON_SKIN_NAME_30250111,2,5,1,302116,1,50101,302116,2,0,0,1,,23,0,25
30250207,30250207,WEAPON_SKIN_NAME_30250207,2,5,2,302117,1,50201,302117,2,0,0,1,,23,0,25
30250310,30250310,WEAPON_SKIN_NAME_30250310,2,5,3,302118,1,50301,302118,2,0,0,1,,23,0,25
30250409,30250409,WEAPON_SKIN_NAME_30250409,2,5,4,302119,1,50401,302119,2,0,0,1,,23,0,25
30250509,30250509,WEAPON_SKIN_NAME_30250509,2,5,5,302120,1,50501,302120,2,0,0,1,,23,0,25
30350111,30350111,WEAPON_SKIN_NAME_30350111,3,5,1,303115,1,50101,0,0,0,0,1,,23,0,25
30350207,30350207,WEAPON_SKIN_NAME_30350207,3,5,2,303116,1,50201,0,0,0,0,1,,23,0,25
30350309,30350309,WEAPON_SKIN_NAME_30350309,3,5,3,303117,1,50301,0,0,0,0,1,,23,0,25
30350408,30350408,WEAPON_SKIN_NAME_30350408,3,5,4,303118,1,50401,0,0,0,0,1,,23,0,25
30350510,30350510,WEAPON_SKIN_NAME_30350510,3,5,5,303119,1,50501,0,0,0,0,1,,23,0,25
30450111,30450111,WEAPON_SKIN_NAME_30450111,4,5,1,304114,1,50101,0,0,0,0,1,,23,0,25
30450207,30450207,WEAPON_SKIN_NAME_30450207,4,5,2,304115,1,50201,0,0,0,0,1,,23,0,25
30450310,30450310,WEAPON_SKIN_NAME_30450310,4,5,3,304116,1,50301,0,0,0,0,1,,23,0,25
30450409,30450409,WEAPON_SKIN_NAME_30450409,4,5,4,304117,1,50401,0,0,0,0,1,,23,0,25
30450510,30450510,WEAPON_SKIN_NAME_30450510,4,5,5,304118,1,50501,0,0,0,0,1,,23,0,25
30550111,30550111,WEAPON_SKIN_NAME_30550111,5,5,1,305121,1,50101,0,0,0,0,1,,23,0,25
30550207,30550207,WEAPON_SKIN_NAME_30550207,5,5,2,305122,1,50201,0,0,0,0,1,,23,0,25
30550310,30550310,WEAPON_SKIN_NAME_30550310,5,5,3,305123,1,50301,0,0,0,0,1,,23,0,25
30550410,30550410,WEAPON_SKIN_NAME_30550410,5,5,4,305124,1,50401,0,0,0,0,1,,23,0,25
30550510,30550510,WEAPON_SKIN_NAME_30550510,5,5,5,305125,1,50501,0,0,0,0,1,,23,0,25
30650110,30650110,WEAPON_SKIN_NAME_30650110,6,5,1,306114,1,50101,0,0,0,0,1,,23,0,25
30650207,30650207,WEAPON_SKIN_NAME_30650207,6,5,2,306115,1,50201,0,0,0,0,1,,23,0,25
30650310,30650310,WEAPON_SKIN_NAME_30650310,6,5,3,306116,1,50301,0,0,0,0,1,,23,0,25
30650409,30650409,WEAPON_SKIN_NAME_30650409,6,5,4,306117,1,50401,0,0,0,0,1,,23,0,25
30650509,30650509,WEAPON_SKIN_NAME_30650509,6,5,5,306118,1,50501,0,0,0,0,1,,23,0,25
30750110,30750110,WEAPON_SKIN_NAME_30750110,7,5,1,307122,1,50101,0,0,0,0,1,,23,0,25
30750210,30750210,WEAPON_SKIN_NAME_30750210,7,5,2,307123,1,50201,0,0,0,0,1,,23,0,25
30750309,30750309,WEAPON_SKIN_NAME_30750309,7,5,3,307124,1,50301,0,0,0,0,1,,23,0,25
30750408,30750408,WEAPON_SKIN_NAME_30750408,7,5,4,307125,1,50401,0,0,0,0,1,,23,0,25
30750510,30750510,WEAPON_SKIN_NAME_30750510,7,5,5,307126,1,50501,0,0,0,0,1,,23,0,25
30850110,30850110,WEAPON_SKIN_NAME_30850110,8,5,1,308115,1,50101,0,0,0,0,1,,23,0,25
30850207,30850207,WEAPON_SKIN_NAME_30850207,8,5,2,308116,1,50201,0,0,0,0,1,,23,0,25
30850309,30850309,WEAPON_SKIN_NAME_30850309,8,5,3,308117,1,50301,0,0,0,0,1,,23,0,25
30850408,30850408,WEAPON_SKIN_NAME_30850408,8,5,4,308118,1,50401,0,0,0,0,1,,23,0,25
30850509,30850509,WEAPON_SKIN_NAME_30850509,8,5,5,308119,1,50501,0,0,0,0,1,,23,0,25
30150109,30150109,WEAPON_SKIN_NAME_30150109,1,5,1,301079,1,50101,0,0,0,0,1,,23,0,25
30150210,30150210,WEAPON_SKIN_NAME_30150210,1,5,2,301073,1,50201,0,0,0,0,1,,23,0,25
30150309,30150309,WEAPON_SKIN_NAME_30150309,1,5,3,301084,1,50301,0,0,0,0,1,,23,0,25
30150412,30150412,WEAPON_SKIN_NAME_30150412,1,5,4,301085,1,50401,0,0,0,0,1,,23,0,25
30150509,30150509,WEAPON_SKIN_NAME_30150509,1,5,5,301086,1,50501,0,0,0,0,1,,23,0,25
30250106,30250106,WEAPON_SKIN_NAME_30250106,2,5,1,302076,1,50101,302076,2,0,0,1,,23,0,25
30250206,30250206,WEAPON_SKIN_NAME_30250206,2,5,2,302067,1,50201,302067,2,0,0,1,,23,0,25
30250306,30250306,WEAPON_SKIN_NAME_30250306,2,5,3,302079,1,50301,302079,2,0,0,1,,23,0,25
30250408,30250408,WEAPON_SKIN_NAME_30250408,2,5,4,302080,1,50401,302080,2,0,0,1,,23,0,25
30250506,30250506,WEAPON_SKIN_NAME_30250506,2,5,5,302081,1,50501,302081,2,0,0,1,,23,0,25
30350107,30350107,WEAPON_SKIN_NAME_30350107,3,5,1,303082,1,50101,0,0,0,0,1,,23,0,25
30350202,30350202,WEAPON_SKIN_NAME_30350202,3,5,2,303051,1,50201,0,0,0,0,1,,23,0,25
30350304,30350304,WEAPON_SKIN_NAME_30350304,3,5,3,303083,1,50301,0,0,0,0,1,,23,0,25
30350407,30350407,WEAPON_SKIN_NAME_30350407,3,5,4,303084,1,50401,0,0,0,0,1,,23,0,25
30350507,30350507,WEAPON_SKIN_NAME_30350507,3,5,5,303048,1,50501,0,0,0,0,1,,23,0,25
30450106,30450106,WEAPON_SKIN_NAME_30450106,4,5,1,304081,1,50101,0,0,0,0,1,,23,0,25
30450202,30450202,WEAPON_SKIN_NAME_30450202,4,5,2,304050,1,50201,0,0,0,0,1,,23,0,25
30450304,30450304,WEAPON_SKIN_NAME_30450304,4,5,3,304082,1,50301,0,0,0,0,1,,23,0,25
30450408,30450408,WEAPON_SKIN_NAME_30450408,4,5,4,304083,1,50401,0,0,0,0,1,,23,0,25
30450507,30450507,WEAPON_SKIN_NAME_30450507,4,5,5,304048,1,50501,0,0,0,0,1,,23,0,25
30550106,30550106,WEAPON_SKIN_NAME_30550106,5,5,1,305088,1,50101,0,0,0,0,1,,23,0,25
30550202,30550202,WEAPON_SKIN_NAME_30550202,5,5,2,305058,1,50201,0,0,0,0,1,,23,0,25
30550304,30550304,WEAPON_SKIN_NAME_30550304,5,5,3,305089,1,50301,0,0,0,0,1,,23,0,25
30550409,30550409,WEAPON_SKIN_NAME_30550409,5,5,4,305090,1,50401,0,0,0,0,1,,23,0,25
30550507,30550507,WEAPON_SKIN_NAME_30550507,5,5,5,305055,1,50501,0,0,0,0,1,,23,0,25
30650106,30650106,WEAPON_SKIN_NAME_30650106,6,5,1,306072,1,50101,0,0,0,0,1,,23,0,25
30650206,30650206,WEAPON_SKIN_NAME_30650206,6,5,2,306065,1,50201,0,0,0,0,1,,23,0,25
30650307,30650307,WEAPON_SKIN_NAME_30650307,6,5,3,306076,1,50301,0,0,0,0,1,,23,0,25
30650408,30650408,WEAPON_SKIN_NAME_30650408,6,5,4,306077,1,50401,0,0,0,0,1,,23,0,25
30650506,30650506,WEAPON_SKIN_NAME_30650506,6,5,5,306078,1,50501,0,0,0,0,1,,23,0,25
30750106,30750106,WEAPON_SKIN_NAME_30750106,7,5,1,307089,1,50101,0,0,0,0,1,,23,0,25
30750203,30750203,WEAPON_SKIN_NAME_30750203,7,5,2,307055,1,50201,0,0,0,0,1,,23,0,25
30750304,30750304,WEAPON_SKIN_NAME_30750304,7,5,3,307090,1,50301,0,0,0,0,1,,23,0,25
30750407,30750407,WEAPON_SKIN_NAME_30750407,7,5,4,307091,1,50401,0,0,0,0,1,,23,0,25
30750507,30750507,WEAPON_SKIN_NAME_30750507,7,5,5,307052,1,50501,0,0,0,0,1,,23,0,25
30850106,30850106,WEAPON_SKIN_NAME_30850106,8,5,1,308072,1,50101,0,0,0,0,1,,23,0,25
30850206,30850206,WEAPON_SKIN_NAME_30850206,8,5,2,308064,1,50201,0,0,0,0,1,,23,0,25
30850306,30850306,WEAPON_SKIN_NAME_30850306,8,5,3,308075,1,50301,0,0,0,0,1,,23,0,25
30850407,30850407,WEAPON_SKIN_NAME_30850407,8,5,4,308076,1,50401,0,0,0,0,1,,23,0,25
30850506,30850506,WEAPON_SKIN_NAME_30850506,8,5,5,308077,1,50501,0,0,0,0,1,,23,0,25
30150111,30150111,WEAPON_SKIN_NAME_30150111,1,5,1,301132,1,50101,0,0,0,0,1,,0,0,0
30150212,30150212,WEAPON_SKIN_NAME_30150212,1,5,2,301133,1,50201,0,0,0,0,1,,0,0,0
30150310,30150310,WEAPON_SKIN_NAME_30150310,1,5,3,301134,1,50301,0,0,0,0,1,,0,0,0
30150414,30150414,WEAPON_SKIN_NAME_30150414,1,5,4,301135,1,50401,0,0,0,0,1,,0,0,0
30150510,30150510,WEAPON_SKIN_NAME_30150510,1,5,5,301136,1,50501,0,0,0,0,1,,0,0,0
30250108,30250108,WEAPON_SKIN_NAME_30250108,2,5,1,302123,1,50101,302123,2,0,0,1,,0,0,0
30250209,30250209,WEAPON_SKIN_NAME_30250209,2,5,2,302124,1,50201,302124,2,0,0,1,,0,0,0
30250307,30250307,WEAPON_SKIN_NAME_30250307,2,5,3,302125,1,50301,302125,2,0,0,1,,0,0,0
30250410,30250410,WEAPON_SKIN_NAME_30250410,2,5,4,302126,1,50401,302126,2,0,0,1,,0,0,0
30250507,30250507,WEAPON_SKIN_NAME_30250507,2,5,5,302127,1,50501,302127,2,0,0,1,,0,0,0
30350108,30350108,WEAPON_SKIN_NAME_30350108,3,5,1,303122,1,50101,0,0,0,0,1,,0,0,0
30350208,30350208,WEAPON_SKIN_NAME_30350208,3,5,2,303123,1,50201,0,0,0,0,1,,0,0,0
30350307,30350307,WEAPON_SKIN_NAME_30350307,3,5,3,303124,1,50301,0,0,0,0,1,,0,0,0
30350409,30350409,WEAPON_SKIN_NAME_30350409,3,5,4,303125,1,50401,0,0,0,0,1,,0,0,0
30350508,30350508,WEAPON_SKIN_NAME_30350508,3,5,5,303126,1,50501,0,0,0,0,1,,0,0,0
30450108,30450108,WEAPON_SKIN_NAME_30450108,4,5,1,304121,1,50101,0,0,0,0,1,,0,0,0
30450209,30450209,WEAPON_SKIN_NAME_30450209,4,5,2,304122,1,50201,0,0,0,0,1,,0,0,0
30450307,30450307,WEAPON_SKIN_NAME_30450307,4,5,3,304123,1,50301,0,0,0,0,1,,0,0,0
30450410,30450410,WEAPON_SKIN_NAME_30450410,4,5,4,304124,1,50401,0,0,0,0,1,,0,0,0
30450508,30450508,WEAPON_SKIN_NAME_30450508,4,5,5,304125,1,50501,0,0,0,0,1,,0,0,0
30550108,30550108,WEAPON_SKIN_NAME_30550108,5,5,1,305128,1,50101,0,0,0,0,1,,0,0,0
30550209,30550209,WEAPON_SKIN_NAME_30550209,5,5,2,305129,1,50201,0,0,0,0,1,,0,0,0
30550307,30550307,WEAPON_SKIN_NAME_30550307,5,5,3,305130,1,50301,0,0,0,0,1,,0,0,0
30550412,30550412,WEAPON_SKIN_NAME_30550412,5,5,4,305131,1,50401,0,0,0,0,1,,0,0,0
30550508,30550508,WEAPON_SKIN_NAME_30550508,5,5,5,305132,1,50501,0,0,0,0,1,,0,0,0
30650107,30650107,WEAPON_SKIN_NAME_30650107,6,5,1,306121,1,50101,0,0,0,0,1,,0,0,0
30650208,30650208,WEAPON_SKIN_NAME_30650208,6,5,2,306122,1,50201,0,0,0,0,1,,0,0,0
30650308,30650308,WEAPON_SKIN_NAME_30650308,6,5,3,306123,1,50301,0,0,0,0,1,,0,0,0
30650410,30650410,WEAPON_SKIN_NAME_30650410,6,5,4,306124,1,50401,0,0,0,0,1,,0,0,0
30650507,30650507,WEAPON_SKIN_NAME_30650507,6,5,5,306125,1,50501,0,0,0,0,1,,0,0,0
30750107,30750107,WEAPON_SKIN_NAME_30750107,7,5,1,307129,1,50101,0,0,0,0,1,,0,0,0
30750208,30750208,WEAPON_SKIN_NAME_30750208,7,5,2,307130,1,50201,0,0,0,0,1,,0,0,0
30750307,30750307,WEAPON_SKIN_NAME_30750307,7,5,3,307131,1,50301,0,0,0,0,1,,0,0,0
30750409,30750409,WEAPON_SKIN_NAME_30750409,7,5,4,307132,1,50401,0,0,0,0,1,,0,0,0
30750508,30750508,WEAPON_SKIN_NAME_30750508,7,5,5,307133,1,50501,0,0,0,0,1,,0,0,0
30850107,30850107,WEAPON_SKIN_NAME_30850107,8,5,1,308122,1,50101,0,0,0,0,1,,0,0,0
30850208,30850208,WEAPON_SKIN_NAME_30850208,8,5,2,308123,1,50201,0,0,0,0,1,,0,0,0
30850307,30850307,WEAPON_SKIN_NAME_30850307,8,5,3,308124,1,50301,0,0,0,0,1,,0,0,0
30850409,30850409,WEAPON_SKIN_NAME_30850409,8,5,4,308125,1,50401,0,0,0,0,1,,0,0,0
30850507,30850507,WEAPON_SKIN_NAME_30850507,8,5,5,308126,1,50501,0,0,0,0,1,,0,0,0
30950110,30950110,WEAPON_SKIN_NAME_30950110,9,5,1,309016,1,50101,0,0,0,0,1,,0,0,0
30950210,30950210,WEAPON_SKIN_NAME_30950210,9,5,2,309017,1,50201,0,0,0,0,1,,0,0,0
30950310,30950310,WEAPON_SKIN_NAME_30950310,9,5,3,309018,1,50301,0,0,0,0,1,,0,0,0
30950410,30950410,WEAPON_SKIN_NAME_30950410,9,5,4,309019,1,50401,0,0,0,0,1,,0,0,0
30950510,30950510,WEAPON_SKIN_NAME_30950510,9,5,5,309020,1,50501,0,0,0,0,1,,0,0,0
30150107,30150107,WEAPON_SKIN_NAME_30150107,1,5,1,301122,1,50101,0,0,0,0,1,,0,0,0
30150208,30150208,WEAPON_SKIN_NAME_30150208,1,5,2,301120,1,50201,0,0,0,0,1,,0,0,0
30150307,30150307,WEAPON_SKIN_NAME_30150307,1,5,3,301119,1,50301,0,0,0,0,1,,0,0,0
30150410,30150410,WEAPON_SKIN_NAME_30150410,1,5,4,301121,1,50401,0,0,0,0,1,,0,0,0
30150503,30150503,WEAPON_SKIN_NAME_30150503,1,5,5,301123,1,50501,0,0,0,0,1,,0,0,0
30250104,30250104,WEAPON_SKIN_NAME_30250104,2,5,1,302113,1,50101,302113,2,0,0,1,,0,0,0
30250204,30250204,WEAPON_SKIN_NAME_30250204,2,5,2,302111,1,50201,302111,2,0,0,1,,0,0,0
30250304,30250304,WEAPON_SKIN_NAME_30250304,2,5,3,302110,1,50301,302110,2,0,0,1,,0,0,0
30250404,30250404,WEAPON_SKIN_NAME_30250404,2,5,4,302112,1,50401,302112,2,0,0,1,,0,0,0
30250503,30250503,WEAPON_SKIN_NAME_30250503,2,5,5,302114,1,50501,302114,2,0,0,1,,0,0,0
30350105,30350105,WEAPON_SKIN_NAME_30350105,3,5,1,303112,1,50101,0,0,0,0,1,,0,0,0
30350205,30350205,WEAPON_SKIN_NAME_30350205,3,5,2,303110,1,50201,0,0,0,0,1,,0,0,0
30350305,30350305,WEAPON_SKIN_NAME_30350305,3,5,3,303109,1,50301,0,0,0,0,1,,0,0,0
30350404,30350404,WEAPON_SKIN_NAME_30350404,3,5,4,303111,1,50401,0,0,0,0,1,,0,0,0
30350504,30350504,WEAPON_SKIN_NAME_30350504,3,5,5,303113,1,50501,0,0,0,0,1,,0,0,0
30450104,30450104,WEAPON_SKIN_NAME_30450104,4,5,1,304111,1,50101,0,0,0,0,1,,0,0,0
30450205,30450205,WEAPON_SKIN_NAME_30450205,4,5,2,304109,1,50201,0,0,0,0,1,,0,0,0
30450305,30450305,WEAPON_SKIN_NAME_30450305,4,5,3,304108,1,50301,0,0,0,0,1,,0,0,0
30450404,30450404,WEAPON_SKIN_NAME_30450404,4,5,4,304110,1,50401,0,0,0,0,1,,0,0,0
30450504,30450504,WEAPON_SKIN_NAME_30450504,4,5,5,304112,1,50501,0,0,0,0,1,,0,0,0
30550104,30550104,WEAPON_SKIN_NAME_30550104,5,5,1,305118,1,50101,0,0,0,0,1,,0,0,0
30550205,30550205,WEAPON_SKIN_NAME_30550205,5,5,2,305116,1,50201,0,0,0,0,1,,0,0,0
30550305,30550305,WEAPON_SKIN_NAME_30550305,5,5,3,305115,1,50301,0,0,0,0,1,,0,0,0
30550405,30550405,WEAPON_SKIN_NAME_30550405,5,5,4,305117,1,50401,0,0,0,0,1,,0,0,0
30550504,30550504,WEAPON_SKIN_NAME_30550504,5,5,5,305119,1,50501,0,0,0,0,1,,0,0,0
30650104,30650104,WEAPON_SKIN_NAME_30650104,6,5,1,306111,1,50101,0,0,0,0,1,,0,0,0
30650204,30650204,WEAPON_SKIN_NAME_30650204,6,5,2,306109,1,50201,0,0,0,0,1,,0,0,0
30650305,30650305,WEAPON_SKIN_NAME_30650305,6,5,3,306108,1,50301,0,0,0,0,1,,0,0,0
30650405,30650405,WEAPON_SKIN_NAME_30650405,6,5,4,306110,1,50401,0,0,0,0,1,,0,0,0
30650503,30650503,WEAPON_SKIN_NAME_30650503,6,5,5,306112,1,50501,0,0,0,0,1,,0,0,0
30750104,30750104,WEAPON_SKIN_NAME_30750104,7,5,1,307119,1,50101,0,0,0,0,1,,0,0,0
30750206,30750206,WEAPON_SKIN_NAME_30750206,7,5,2,307117,1,50201,0,0,0,0,1,,0,0,0
30750305,30750305,WEAPON_SKIN_NAME_30750305,7,5,3,307116,1,50301,0,0,0,0,1,,0,0,0
30750404,30750404,WEAPON_SKIN_NAME_30750404,7,5,4,307118,1,50401,0,0,0,0,1,,0,0,0
30750504,30750504,WEAPON_SKIN_NAME_30750504,7,5,5,307120,1,50501,0,0,0,0,1,,0,0,0
30850104,30850104,WEAPON_SKIN_NAME_30850104,8,5,1,308112,1,50101,0,0,0,0,1,,0,0,0
30850204,30850204,WEAPON_SKIN_NAME_30850204,8,5,2,308110,1,50201,0,0,0,0,1,,0,0,0
30850304,30850304,WEAPON_SKIN_NAME_30850304,8,5,3,308109,1,50301,0,0,0,0,1,,0,0,0
30850404,30850404,WEAPON_SKIN_NAME_30850404,8,5,4,308111,1,50401,0,0,0,0,1,,0,0,0
30850503,30850503,WEAPON_SKIN_NAME_30850503,8,5,5,308113,1,50501,0,0,0,0,1,,0,0,0
30950103,30950103,WEAPON_SKIN_NAME_30950103,9,5,1,309021,1,50101,0,0,0,0,1,,0,0,0
30950203,30950203,WEAPON_SKIN_NAME_30950203,9,5,2,309022,1,50201,0,0,0,0,1,,0,0,0
30950303,30950303,WEAPON_SKIN_NAME_30950303,9,5,3,309023,1,50301,0,0,0,0,1,,0,0,0
30950403,30950403,WEAPON_SKIN_NAME_30950403,9,5,4,309024,1,50401,0,0,0,0,1,,0,0,0
30950503,30950503,WEAPON_SKIN_NAME_30950503,9,5,5,309025,1,50501,0,0,0,0,1,,0,0,0
30159904,30159904,WEAPON_SKIN_NAME_30159904,1,5,99,301046,1,59901,0,0,0,0,1,,0,0,0
30159906,30159906,WEAPON_SKIN_NAME_30159906,1,5,99,301145,1,59901,0,0,0,0,1,,23,0,25
30259906,30259906,WEAPON_SKIN_NAME_30259906,2,5,99,302136,1,59901,302136,2,0,0,1,,23,0,25
30359905,30359905,WEAPON_SKIN_NAME_30359905,3,5,99,303135,1,59901,0,0,0,0,1,,23,0,25
30759905,30759905,WEAPON_SKIN_NAME_30759905,7,5,99,307142,1,59901,0,0,0,0,1,,23,0,25
30150114,30150114,WEAPON_SKIN_NAME_30150114,1,5,1,301148,1,50101,0,0,0,0,1,,23,0,25
30150403,30150403,WEAPON_SKIN_NAME_30150403,1,5,4,301081,1,50401,0,0,0,0,1,,23,0,25
30550411,30550411,WEAPON_SKIN_NAME_30550411,5,5,4,305143,1,50401,0,0,0,0,1,,23,0,25
30159905,30159905,WEAPON_SKIN_NAME_30159905,1,5,99,301130,1,59901,0,0,0,0,1,,0,0,0
30259905,30259905,WEAPON_SKIN_NAME_30259905,2,5,99,302121,1,59901,302121,2,0,0,1,,0,0,0
30359904,30359904,WEAPON_SKIN_NAME_30359904,3,5,99,303120,1,59901,0,0,0,0,1,,0,0,0
30459904,30459904,WEAPON_SKIN_NAME_30459904,4,5,99,304119,1,59901,0,0,0,0,1,,0,0,0
30559904,30559904,WEAPON_SKIN_NAME_30559904,5,5,99,305126,1,59901,0,0,0,0,1,,0,0,0
30659905,30659905,WEAPON_SKIN_NAME_30659905,6,5,99,306119,1,59901,0,0,0,0,1,,0,0,0
30759904,30759904,WEAPON_SKIN_NAME_30759904,7,5,99,307127,1,59901,0,0,0,0,1,,0,0,0
30859904,30859904,WEAPON_SKIN_NAME_30859904,8,5,99,308120,1,59901,0,0,0,0,1,,0,0,0
30150113,30150113,WEAPON_SKIN_NAME_30150113,1,5,1,301143,1,50101,0,0,0,0,1,,23,0,25
30159907,30159907,WEAPON_SKIN_NAME_30159907,1,5,99,301144,1,59901,0,0,0,0,1,,23,0,25
30250110,30250110,WEAPON_SKIN_NAME_30250110,2,5,1,302134,1,50101,302134,2,0,0,1,,23,0,25
30259907,30259907,WEAPON_SKIN_NAME_30259907,2,5,99,302135,1,59901,302135,2,0,0,1,,23,0,25
30350110,30350110,WEAPON_SKIN_NAME_30350110,3,5,1,303133,1,50101,0,0,0,0,1,,23,0,25
30359906,30359906,WEAPON_SKIN_NAME_30359906,3,5,99,303134,1,59901,0,0,0,0,1,,23,0,25
30450110,30450110,WEAPON_SKIN_NAME_30450110,4,5,1,304132,1,50101,0,0,0,0,1,,23,0,25
30459905,30459905,WEAPON_SKIN_NAME_30459905,4,5,99,304133,1,59901,0,0,0,0,1,,23,0,25
30550110,30550110,WEAPON_SKIN_NAME_30550110,5,5,1,305140,1,50101,0,0,0,0,1,,23,0,25
30559905,30559905,WEAPON_SKIN_NAME_30559905,5,5,99,305141,1,59901,0,0,0,0,1,,23,0,25
30650109,30650109,WEAPON_SKIN_NAME_30650109,6,5,1,306132,1,50101,0,0,0,0,1,,23,0,25
30659906,30659906,WEAPON_SKIN_NAME_30659906,6,5,99,306133,1,59901,0,0,0,0,1,,23,0,25
30750109,30750109,WEAPON_SKIN_NAME_30750109,7,5,1,307140,1,50101,0,0,0,0,1,,23,0,25
30759906,30759906,WEAPON_SKIN_NAME_30759906,7,5,99,307141,1,59901,0,0,0,0,1,,23,0,25
30850109,30850109,WEAPON_SKIN_NAME_30850109,8,5,1,308133,1,50101,0,0,0,0,1,,23,0,25
30859905,30859905,WEAPON_SKIN_NAME_30859905,8,5,99,308134,1,59901,0,0,0,0,1,,23,0,25
30150116,30150116,WEAPON_SKIN_NAME_30150116,1,5,99,397001,1,59901,0,0,0,0,1,,23,0,25
30250116,30250116,WEAPON_SKIN_NAME_30250116,2,5,99,302040,1,59901,302040,2,0,0,1,,23,0,25
30450116,30450116,WEAPON_SKIN_NAME_30450116,4,5,99,397002,1,59901,0,0,0,0,1,,23,0,25
30650116,30650116,WEAPON_SKIN_NAME_30650116,6,5,99,306021,1,59901,0,0,0,0,1,,23,0,25
30350116,30350116,WEAPON_SKIN_NAME_30350116,3,5,99,397003,1,59901,0,0,0,0,1,,23,0,25
30550116,30550116,WEAPON_SKIN_NAME_30550116,5,5,99,399051,1,59901,0,0,0,0,1,,23,0,25
30250216,30250216,WEAPON_SKIN_NAME_30250216,2,5,99,397004,1,59901,397004,2,0,0,1,,23,0,25
30450216,30450216,WEAPON_SKIN_NAME_30450216,4,5,99,304020,1,59901,0,0,0,0,1,,23,0,25
30750116,30750116,WEAPON_SKIN_NAME_30750116,7,5,99,397005,1,59901,0,0,0,0,1,,23,0,25
30550216,30550216,WEAPON_SKIN_NAME_30550216,5,5,99,397006,1,59901,0,0,0,0,1,,23,0,25
30250316,30250316,WEAPON_SKIN_NAME_30250316,2,5,99,399059,1,59901,399059,2,0,0,1,,23,0,25
30150216,30150216,WEAPON_SKIN_NAME_30150216,1,5,99,397007,1,59901,0,0,0,0,1,,23,0,25
30750216,30750216,WEAPON_SKIN_NAME_30750216,7,5,99,307013,1,59901,0,0,0,0,1,,23,0,25
30450316,30450316,WEAPON_SKIN_NAME_30450316,4,5,99,399064,1,59901,0,0,0,0,1,,23,0,25
30950116,30950116,WEAPON_SKIN_NAME_30950116,9,5,99,397008,1,59901,0,0,0,0,1,,23,0,25
30850116,30850116,WEAPON_SKIN_NAME_30850116,8,5,99,308024,1,59901,0,0,0,0,1,,23,0,25
30750316,30750316,WEAPON_SKIN_NAME_30750316,7,5,99,399070,1,59901,0,0,0,0,1,,23,0,25
30250416,30250416,WEAPON_SKIN_NAME_30250416,2,5,99,397009,1,59901,397009,2,0,0,1,,23,0,25
30550316,30550316,WEAPON_SKIN_NAME_30550316,5,5,99,397010,1,59901,0,0,0,0,1,,23,0,25
30150316,30150316,WEAPON_SKIN_NAME_30150316,1,5,99,397011,1,59901,0,0,0,0,1,,23,0,25
30650216,30650216,WEAPON_SKIN_NAME_30650216,6,5,99,306020,1,59901,0,0,0,0,1,,23,0,25
30450416,30450416,WEAPON_SKIN_NAME_30450416,4,5,99,304019,1,59901,0,0,0,0,1,,23,0,25
30350216,30350216,WEAPON_SKIN_NAME_30350216,3,5,99,303024,1,59901,0,0,0,0,1,,23,0,25
30150416,30150416,WEAPON_SKIN_NAME_30150416,1,5,99,397012,1,59901,0,0,0,0,1,,23,0,25
30159917,30159917,WEAPON_SKIN_NAME_30159917,1,5,99,399016,1,59901,0,0,0,0,1,,23,0,25
30359918,30359918,WEAPON_SKIN_NAME_30359918,3,5,99,399022,1,59901,0,0,0,0,1,,23,0,25
30959918,30959918,WEAPON_SKIN_NAME_30959918,9,5,99,399023,1,59901,0,0,0,0,1,,23,0,25
30159918,30159918,WEAPON_SKIN_NAME_30159918,1,5,99,399024,1,59901,0,0,0,0,1,,23,0,25
30950119,30950119,WEAPON_SKIN_NAME_30950119,9,5,99,396001,1,59901,0,0,0,0,1,,23,0,25
30950219,30950219,WEAPON_SKIN_NAME_30950219,9,5,99,396002,1,59901,0,0,0,0,1,,23,0,25
30150119,30150119,WEAPON_SKIN_NAME_30150119,1,5,99,399062,1,59901,0,0,0,0,1,,23,0,25
30150219,30150219,WEAPON_SKIN_NAME_30150219,1,5,99,399063,1,59901,0,0,0,0,1,,23,0,25
30450119,30450119,WEAPON_SKIN_NAME_30450119,4,5,99,399067,1,59901,0,0,0,0,1,,23,0,25
30650119,30650119,WEAPON_SKIN_NAME_30650119,6,5,99,396003,1,59901,0,0,0,0,1,,23,0,25
30159921,30159921,WEAPON_SKIN_NAME_30159921,1,5,99,301020,1,59901,0,0,0,0,1,,23,0,25
30259921,30259921,WEAPON_SKIN_NAME_30259921,2,5,99,302016,1,59901,302016,2,0,0,1,,23,0,25
30359921,30359921,WEAPON_SKIN_NAME_30359921,3,5,99,303016,1,59901,0,0,0,0,1,,23,0,25
30459921,30459921,WEAPON_SKIN_NAME_30459921,4,5,99,304024,1,59901,0,0,0,0,1,,23,0,25
30559921,30559921,WEAPON_SKIN_NAME_30559921,5,5,99,305025,1,59901,0,0,0,0,1,,23,0,25
30659921,30659921,WEAPON_SKIN_NAME_30659921,6,5,99,306022,1,59901,0,0,0,0,1,,23,0,25
30759921,30759921,WEAPON_SKIN_NAME_30759921,7,5,99,307019,1,59901,0,0,0,0,1,,23,0,25
30859921,30859921,WEAPON_SKIN_NAME_30859921,7,5,99,308017,1,59901,0,0,0,0,1,,23,0,25
30959921,30959921,WEAPON_SKIN_NAME_30959921,9,5,99,395001,1,59901,0,0,0,0,1,,23,0,25
30159922,30159922,WEAPON_SKIN_NAME_30159922,1,5,99,395004,1,59901,0,0,0,0,1,,23,0,25
30259922,30259922,WEAPON_SKIN_NAME_30259922,2,5,99,302019,1,59901,302019,2,0,0,1,,23,0,25
30359922,30359922,WEAPON_SKIN_NAME_30359922,3,5,99,303025,1,59901,0,0,0,0,1,,23,0,25
30459922,30459922,WEAPON_SKIN_NAME_30459922,4,5,99,395002,1,59901,0,0,0,0,1,,23,0,25
30559922,30559922,WEAPON_SKIN_NAME_30559922,5,5,99,305023,1,59901,0,0,0,0,1,,23,0,25
30659922,30659922,WEAPON_SKIN_NAME_30659922,6,5,99,399071,1,59901,0,0,0,0,1,,23,0,25
30759922,30759922,WEAPON_SKIN_NAME_30759922,7,5,99,395005,1,59901,0,0,0,0,1,,23,0,25
30859922,30859922,WEAPON_SKIN_NAME_30859922,8,5,99,395003,1,59901,0,0,0,0,1,,23,0,25
30959922,30959922,WEAPON_SKIN_NAME_30959922,9,5,99,399038,1,59901,0,0,0,0,1,,23,0,25
30859923,30859923,WEAPON_SKIN_NAME_30859923,8,5,99,395006,1,59901,0,0,0,0,1,,23,0,25
30159950,30159950,WEAPON_SKIN_NAME_30159950,1,5,99,399072,1,59901,0,0,0,0,1,,23,0,25
30160101,30160101,WEAPON_SKIN_NAME_30160101,1,6,1,301138,1,60101,0,0,0,0,1,,0,0,0
30160201,30160201,WEAPON_SKIN_NAME_30160201,1,6,2,301139,1,60201,0,0,0,0,1,,0,0,0
30160301,30160301,WEAPON_SKIN_NAME_30160301,1,6,3,301140,1,60301,0,0,0,0,1,,0,0,0
30160401,30160401,WEAPON_SKIN_NAME_30160401,1,6,4,301141,1,60401,0,0,0,0,1,,0,0,0
30160501,30160501,WEAPON_SKIN_NAME_30160501,1,6,5,301142,1,60501,0,0,0,0,1,,0,0,0
30260101,30260101,WEAPON_SKIN_NAME_30260101,2,6,1,302129,1,60101,302129,2,0,0,1,,0,0,0
30260201,30260201,WEAPON_SKIN_NAME_30260201,2,6,2,302130,1,60201,302130,2,0,0,1,,0,0,0
30260301,30260301,WEAPON_SKIN_NAME_30260301,2,6,3,302131,1,60301,302131,2,0,0,1,,0,0,0
30260401,30260401,WEAPON_SKIN_NAME_30260401,2,6,4,302132,1,60401,302132,2,0,0,1,,0,0,0
30260501,30260501,WEAPON_SKIN_NAME_30260501,2,6,5,302133,1,60501,302133,2,0,0,1,,0,0,0
30360101,30360101,WEAPON_SKIN_NAME_30360101,3,6,1,303128,1,60101,0,0,0,0,1,,0,0,0
30360201,30360201,WEAPON_SKIN_NAME_30360201,3,6,2,303129,1,60201,0,0,0,0,1,,0,0,0
30360301,30360301,WEAPON_SKIN_NAME_30360301,3,6,3,303130,1,60301,0,0,0,0,1,,0,0,0
30360401,30360401,WEAPON_SKIN_NAME_30360401,3,6,4,303131,1,60401,0,0,0,0,1,,0,0,0
30360501,30360501,WEAPON_SKIN_NAME_30360501,3,6,5,303132,1,60501,0,0,0,0,1,,0,0,0
30460101,30460101,WEAPON_SKIN_NAME_30460101,4,6,1,304127,1,60101,0,0,0,0,1,,0,0,0
30460201,30460201,WEAPON_SKIN_NAME_30460201,4,6,2,304128,1,60201,0,0,0,0,1,,0,0,0
30460301,30460301,WEAPON_SKIN_NAME_30460301,4,6,3,304129,1,60301,0,0,0,0,1,,0,0,0
30460401,30460401,WEAPON_SKIN_NAME_30460401,4,6,4,304130,1,60401,0,0,0,0,1,,0,0,0
30460501,30460501,WEAPON_SKIN_NAME_30460501,4,6,5,304131,1,60501,0,0,0,0,1,,0,0,0
30560101,30560101,WEAPON_SKIN_NAME_30560101,5,6,1,305135,1,60101,0,0,0,0,1,,0,0,0
30560201,30560201,WEAPON_SKIN_NAME_30560201,5,6,2,305136,1,60201,0,0,0,0,1,,0,0,0
30560301,30560301,WEAPON_SKIN_NAME_30560301,5,6,3,305137,1,60301,0,0,0,0,1,,0,0,0
30560401,30560401,WEAPON_SKIN_NAME_30560401,5,6,4,305138,1,60401,0,0,0,0,1,,0,0,0
30560501,30560501,WEAPON_SKIN_NAME_30560501,5,6,5,305139,1,60501,0,0,0,0,1,,0,0,0
30660101,30660101,WEAPON_SKIN_NAME_30660101,6,6,1,306127,1,60101,0,0,0,0,1,,0,0,0
30660201,30660201,WEAPON_SKIN_NAME_30660201,6,6,2,306128,1,60201,0,0,0,0,1,,0,0,0
30660301,30660301,WEAPON_SKIN_NAME_30660301,6,6,3,306129,1,60301,0,0,0,0,1,,0,0,0
30660401,30660401,WEAPON_SKIN_NAME_30660401,6,6,4,306130,1,60401,0,0,0,0,1,,0,0,0
30660501,30660501,WEAPON_SKIN_NAME_30660501,6,6,5,306131,1,60501,0,0,0,0,1,,0,0,0
30760101,30760101,WEAPON_SKIN_NAME_30760101,7,6,1,307135,1,60101,0,0,0,0,1,,0,0,0
30760201,30760201,WEAPON_SKIN_NAME_30760201,7,6,2,307136,1,60201,0,0,0,0,1,,0,0,0
30760301,30760301,WEAPON_SKIN_NAME_30760301,7,6,3,307137,1,60301,0,0,0,0,1,,0,0,0
30760401,30760401,WEAPON_SKIN_NAME_30760401,7,6,4,307138,1,60401,0,0,0,0,1,,0,0,0
30760501,30760501,WEAPON_SKIN_NAME_30760501,7,6,5,307139,1,60501,0,0,0,0,1,,0,0,0
30860101,30860101,WEAPON_SKIN_NAME_30860101,8,6,1,308128,1,60101,0,0,0,0,1,,0,0,0
30860201,30860201,WEAPON_SKIN_NAME_30860201,8,6,2,308129,1,60201,0,0,0,0,1,,0,0,0
30860301,30860301,WEAPON_SKIN_NAME_30860301,8,6,3,308130,1,60301,0,0,0,0,1,,0,0,0
30860401,30860401,WEAPON_SKIN_NAME_30860401,8,6,4,308131,1,60401,0,0,0,0,1,,0,0,0
30860501,30860501,WEAPON_SKIN_NAME_30860501,8,6,5,308132,1,60501,0,0,0,0,1,,0,0,0
30960101,30960101,WEAPON_SKIN_NAME_30960101,9,6,1,309026,1,60101,0,0,0,0,1,,0,0,0
30960201,30960201,WEAPON_SKIN_NAME_30960201,9,6,2,309027,1,60201,0,0,0,0,1,,0,0,0
30960301,30960301,WEAPON_SKIN_NAME_30960301,9,6,3,309028,1,60301,0,0,0,0,1,,0,0,0
30960401,30960401,WEAPON_SKIN_NAME_30960401,9,6,4,309029,1,60401,0,0,0,0,1,,0,0,0
30960501,30960501,WEAPON_SKIN_NAME_30960501,9,6,5,309030,1,60501,0,0,0,0,1,,0,0,0
30160103,30160103,WEAPON_SKIN_NAME_30160101,1,6,1,301149,1,60101,0,0,0,0,1,,0,0,0
30160203,30160203,WEAPON_SKIN_NAME_30160201,1,6,2,301150,1,60201,0,0,0,0,1,,0,0,0
30160303,30160303,WEAPON_SKIN_NAME_30160301,1,6,3,301151,1,60301,0,0,0,0,1,,0,0,0
30160403,30160403,WEAPON_SKIN_NAME_30160401,1,6,4,301152,1,60401,0,0,0,0,1,,0,0,0
30160503,30160503,WEAPON_SKIN_NAME_30160501,1,6,5,301153,1,60501,0,0,0,0,1,,0,0,0
30260103,30260103,WEAPON_SKIN_NAME_30260101,2,6,1,302138,1,60101,302138,2,0,0,1,,0,0,0
30260203,30260203,WEAPON_SKIN_NAME_30260201,2,6,2,302139,1,60201,302139,2,0,0,1,,0,0,0
30260303,30260303,WEAPON_SKIN_NAME_30260301,2,6,3,302140,1,60301,302140,2,0,0,1,,0,0,0
30260403,30260403,WEAPON_SKIN_NAME_30260401,2,6,4,302141,1,60401,302141,2,0,0,1,,0,0,0
30260503,30260503,WEAPON_SKIN_NAME_30260501,2,6,5,302142,1,60501,302142,2,0,0,1,,0,0,0
30360103,30360103,WEAPON_SKIN_NAME_30360101,3,6,1,303137,1,60101,0,0,0,0,1,,0,0,0
30360203,30360203,WEAPON_SKIN_NAME_30360201,3,6,2,303138,1,60201,0,0,0,0,1,,0,0,0
30360303,30360303,WEAPON_SKIN_NAME_30360301,3,6,3,303139,1,60301,0,0,0,0,1,,0,0,0
30360403,30360403,WEAPON_SKIN_NAME_30360401,3,6,4,303140,1,60401,0,0,0,0,1,,0,0,0
30360503,30360503,WEAPON_SKIN_NAME_30360501,3,6,5,303141,1,60501,0,0,0,0,1,,0,0,0
30460103,30460103,WEAPON_SKIN_NAME_30460101,4,6,1,304134,1,60101,0,0,0,0,1,,0,0,0
30460203,30460203,WEAPON_SKIN_NAME_30460201,4,6,2,304135,1,60201,0,0,0,0,1,,0,0,0
30460303,30460303,WEAPON_SKIN_NAME_30460301,4,6,3,304136,1,60301,0,0,0,0,1,,0,0,0
30460403,30460403,WEAPON_SKIN_NAME_30460401,4,6,4,304137,1,60401,0,0,0,0,1,,0,0,0
30460503,30460503,WEAPON_SKIN_NAME_30460501,4,6,5,304138,1,60501,0,0,0,0,1,,0,0,0
30560103,30560103,WEAPON_SKIN_NAME_30560101,5,6,1,305144,1,60101,0,0,0,0,1,,0,0,0
30560203,30560203,WEAPON_SKIN_NAME_30560201,5,6,2,305145,1,60201,0,0,0,0,1,,0,0,0
30560303,30560303,WEAPON_SKIN_NAME_30560301,5,6,3,305146,1,60301,0,0,0,0,1,,0,0,0
30560403,30560403,WEAPON_SKIN_NAME_30560401,5,6,4,305147,1,60401,0,0,0,0,1,,0,0,0
30560503,30560503,WEAPON_SKIN_NAME_30560501,5,6,5,305148,1,60501,0,0,0,0,1,,0,0,0
30660103,30660103,WEAPON_SKIN_NAME_30660101,6,6,1,306136,1,60101,0,0,0,0,1,,0,0,0
30660203,30660203,WEAPON_SKIN_NAME_30660201,6,6,2,306137,1,60201,0,0,0,0,1,,0,0,0
30660303,30660303,WEAPON_SKIN_NAME_30660301,6,6,3,306138,1,60301,0,0,0,0,1,,0,0,0
30660403,30660403,WEAPON_SKIN_NAME_30660401,6,6,4,306139,1,60401,0,0,0,0,1,,0,0,0
30660503,30660503,WEAPON_SKIN_NAME_30660501,6,6,5,306140,1,60501,0,0,0,0,1,,0,0,0
30760103,30760103,WEAPON_SKIN_NAME_30760101,7,6,1,307143,1,60101,0,0,0,0,1,,0,0,0
30760203,30760203,WEAPON_SKIN_NAME_30760201,7,6,2,307144,1,60201,0,0,0,0,1,,0,0,0
30760303,30760303,WEAPON_SKIN_NAME_30760301,7,6,3,307145,1,60301,0,0,0,0,1,,0,0,0
30760403,30760403,WEAPON_SKIN_NAME_30760401,7,6,4,307146,1,60401,0,0,0,0,1,,0,0,0
30760503,30760503,WEAPON_SKIN_NAME_30760501,7,6,5,307147,1,60501,0,0,0,0,1,,0,0,0
30860103,30860103,WEAPON_SKIN_NAME_30860101,8,6,1,308135,1,60101,0,0,0,0,1,,0,0,0
30860203,30860203,WEAPON_SKIN_NAME_30860201,8,6,2,308136,1,60201,0,0,0,0,1,,0,0,0
30860303,30860303,WEAPON_SKIN_NAME_30860301,8,6,3,308137,1,60301,0,0,0,0,1,,0,0,0
30860403,30860403,WEAPON_SKIN_NAME_30860401,8,6,4,308138,1,60401,0,0,0,0,1,,0,0,0
30860503,30860503,WEAPON_SKIN_NAME_30860501,8,6,5,308139,1,60501,0,0,0,0,1,,0,0,0
30960103,30960103,WEAPON_SKIN_NAME_30960101,9,6,1,309031,1,60101,0,0,0,0,1,,0,0,0
30960203,30960203,WEAPON_SKIN_NAME_30960201,9,6,2,309032,1,60201,0,0,0,0,1,,0,0,0
30960303,30960303,WEAPON_SKIN_NAME_30960301,9,6,3,309033,1,60301,0,0,0,0,1,,0,0,0
30960403,30960403,WEAPON_SKIN_NAME_30960401,9,6,4,309034,1,60401,0,0,0,0,1,,0,0,0
30960503,30960503,WEAPON_SKIN_NAME_30960501,9,6,5,309035,1,60501,0,0,0,0,1,,0,0,0
30160104,30160104,WEAPON_SKIN_NAME_30160104,1,6,1,301159,1,60101,0,0,0,0,1,,0,0,0
30160204,30160204,WEAPON_SKIN_NAME_30160204,1,6,2,301160,1,60201,0,0,0,0,1,,0,0,0
30160304,30160304,WEAPON_SKIN_NAME_30160304,1,6,3,301161,1,60301,0,0,0,0,1,,0,0,0
30160404,30160404,WEAPON_SKIN_NAME_30160404,1,6,4,301162,1,60401,0,0,0,0,1,,0,0,0
30160504,30160504,WEAPON_SKIN_NAME_30160504,1,6,5,301163,1,60501,0,0,0,0,1,,0,0,0
30260104,30260104,WEAPON_SKIN_NAME_30260104,2,6,1,302148,1,60101,302148,2,0,0,1,,0,0,0
30260204,30260204,WEAPON_SKIN_NAME_30260204,2,6,2,302149,1,60201,302149,2,0,0,1,,0,0,0
30260304,30260304,WEAPON_SKIN_NAME_30260304,2,6,3,302150,1,60301,302150,2,0,0,1,,0,0,0
30260404,30260404,WEAPON_SKIN_NAME_30260404,2,6,4,302151,1,60401,302151,2,0,0,1,,0,0,0
30260504,30260504,WEAPON_SKIN_NAME_30260504,2,6,5,302152,1,60501,302152,2,0,0,1,,0,0,0
30360104,30360104,WEAPON_SKIN_NAME_30360104,3,6,1,303147,1,60101,0,0,0,0,1,,0,0,0
30360204,30360204,WEAPON_SKIN_NAME_30360204,3,6,2,303148,1,60201,0,0,0,0,1,,0,0,0
30360304,30360304,WEAPON_SKIN_NAME_30360304,3,6,3,303149,1,60301,0,0,0,0,1,,0,0,0
30360404,30360404,WEAPON_SKIN_NAME_30360404,3,6,4,303150,1,60401,0,0,0,0,1,,0,0,0
30360504,30360504,WEAPON_SKIN_NAME_30360504,3,6,5,303151,1,60501,0,0,0,0,1,,0,0,0
30460104,30460104,WEAPON_SKIN_NAME_30460104,4,6,1,304144,1,60101,0,0,0,0,1,,0,0,0
30460204,30460204,WEAPON_SKIN_NAME_30460204,4,6,2,304145,1,60201,0,0,0,0,1,,0,0,0
30460304,30460304,WEAPON_SKIN_NAME_30460304,4,6,3,304146,1,60301,0,0,0,0,1,,0,0,0
30460404,30460404,WEAPON_SKIN_NAME_30460404,4,6,4,304147,1,60401,0,0,0,0,1,,0,0,0
30460504,30460504,WEAPON_SKIN_NAME_30460504,4,6,5,304148,1,60501,0,0,0,0,1,,0,0,0
30560104,30560104,WEAPON_SKIN_NAME_30560104,5,6,1,305154,1,60101,0,0,0,0,1,,0,0,0
30560204,30560204,WEAPON_SKIN_NAME_30560204,5,6,2,305155,1,60201,0,0,0,0,1,,0,0,0
30560304,30560304,WEAPON_SKIN_NAME_30560304,5,6,3,305156,1,60301,0,0,0,0,1,,0,0,0
30560404,30560404,WEAPON_SKIN_NAME_30560404,5,6,4,305157,1,60401,0,0,0,0,1,,0,0,0
30560504,30560504,WEAPON_SKIN_NAME_30560504,5,6,5,305158,1,60501,0,0,0,0,1,,0,0,0
30660104,30660104,WEAPON_SKIN_NAME_30660104,6,6,1,306146,1,60101,0,0,0,0,1,,0,0,0
30660204,30660204,WEAPON_SKIN_NAME_30660204,6,6,2,306147,1,60201,0,0,0,0,1,,0,0,0
30660304,30660304,WEAPON_SKIN_NAME_30660304,6,6,3,306148,1,60301,0,0,0,0,1,,0,0,0
30660404,30660404,WEAPON_SKIN_NAME_30660404,6,6,4,306149,1,60401,0,0,0,0,1,,0,0,0
30660504,30660504,WEAPON_SKIN_NAME_30660504,6,6,5,306150,1,60501,0,0,0,0,1,,0,0,0
30760104,30760104,WEAPON_SKIN_NAME_30760104,7,6,1,307153,1,60101,0,0,0,0,1,,0,0,0
30760204,30760204,WEAPON_SKIN_NAME_30760204,7,6,2,307154,1,60201,0,0,0,0,1,,0,0,0
30760304,30760304,WEAPON_SKIN_NAME_30760304,7,6,3,307155,1,60301,0,0,0,0,1,,0,0,0
30760404,30760404,WEAPON_SKIN_NAME_30760404,7,6,4,307156,1,60401,0,0,0,0,1,,0,0,0
30760504,30760504,WEAPON_SKIN_NAME_30760504,7,6,5,307157,1,60501,0,0,0,0,1,,0,0,0
30860104,30860104,WEAPON_SKIN_NAME_30860104,8,6,1,308145,1,60101,0,0,0,0,1,,0,0,0
30860204,30860204,WEAPON_SKIN_NAME_30860204,8,6,2,308146,1,60201,0,0,0,0,1,,0,0,0
30860304,30860304,WEAPON_SKIN_NAME_30860304,8,6,3,308147,1,60301,0,0,0,0,1,,0,0,0
30860404,30860404,WEAPON_SKIN_NAME_30860404,8,6,4,308148,1,60401,0,0,0,0,1,,0,0,0
30860504,30860504,WEAPON_SKIN_NAME_30860504,8,6,5,308149,1,60501,0,0,0,0,1,,0,0,0
30960104,30960104,WEAPON_SKIN_NAME_30960104,9,6,1,309041,1,60101,0,0,0,0,1,,0,0,0
30960204,30960204,WEAPON_SKIN_NAME_30960204,9,6,2,309042,1,60201,0,0,0,0,1,,0,0,0
30960304,30960304,WEAPON_SKIN_NAME_30960304,9,6,3,309043,1,60301,0,0,0,0,1,,0,0,0
30960404,30960404,WEAPON_SKIN_NAME_30960404,9,6,4,309044,1,60401,0,0,0,0,1,,0,0,0
30960504,30960504,WEAPON_SKIN_NAME_30960504,9,6,5,309045,1,60501,0,0,0,0,1,,0,0,0
30110190,30110190,WEAPON_NAME_30149901,1,1,99,301040,1,29901,0,0,0,0,0,,0,0,0
30210190,30210190,WEAPON_NAME_30249901,2,1,99,302012,1,29901,302012,2,0,0,0,,0,0,0
30310190,30310190,WEAPON_NAME_30349901,3,1,99,303033,1,29901,0,0,0,0,0,,0,0,0
30410190,30410190,WEAPON_NAME_30449901,4,1,99,304026,1,29901,0,0,0,0,0,,0,0,0
30510190,30510190,WEAPON_NAME_30549901,5,1,99,305029,1,29901,0,0,0,0,0,,0,0,0
30610190,30610190,WEAPON_NAME_30649901,6,1,99,306013,1,29901,0,0,0,0,0,,0,0,0
30710190,30710190,WEAPON_NAME_30749901,7,1,99,307012,1,29901,0,0,0,0,0,,0,0,0
30810190,30810190,WEAPON_NAME_30849901,8,1,99,308005,1,29901,0,0,0,0,0,,0,0,0
30910190,30910190,WEAPON_NAME_30949901,9,1,99,309002,1,29901,0,0,0,0,0,,0,0,0
30120190,30120190,WEAPON_NAME_30159901,1,2,99,301041,1,39901,0,0,0,0,0,,0,0,0
30220190,30220190,WEAPON_NAME_30259901,2,2,99,302014,1,39901,302014,2,0,0,0,,0,0,0
30320190,30320190,WEAPON_NAME_30359901,3,2,99,303035,1,39901,0,0,0,0,0,,0,0,0
30420190,30420190,WEAPON_NAME_30459901,4,2,99,304012,1,39901,0,0,0,0,0,,0,0,0
30520190,30520190,WEAPON_NAME_30559901,5,2,99,305015,1,39901,0,0,0,0,0,,0,0,0
30620190,30620190,WEAPON_NAME_30659901,6,2,99,306015,1,39901,0,0,0,0,0,,0,0,0
30720190,30720190,WEAPON_NAME_30759901,7,2,99,307031,1,39901,0,0,0,0,0,,0,0,0
30820190,30820190,WEAPON_NAME_30859901,8,2,99,308030,1,39901,0,0,0,0,0,,0,0,0
30920190,30920190,WEAPON_NAME_30959901,9,2,99,309009,1,39901,0,0,0,0,0,,0,0,0
30130190,30130190,WEAPON_NAME_30150102,1,3,99,301056,1,49901,0,0,0,0,0,,0,0,0
30130290,30130290,WEAPON_NAME_30150303,1,3,99,301098,1,49901,0,0,0,0,0,,0,0,0
30130390,30130390,WEAPON_NAME_30150502,1,3,99,301106,1,49901,0,0,0,0,0,,0,0,0
30230190,30230190,WEAPON_NAME_30250102,2,3,99,302045,1,49901,302045,2,0,0,0,,0,0,0
30230290,30230290,WEAPON_NAME_30250202,2,3,99,302058,1,49901,302058,2,0,0,0,,0,0,0
30230390,30230390,WEAPON_NAME_30250303,2,3,99,302089,1,49901,302089,2,0,0,0,,0,0,0
30330190,30330190,WEAPON_NAME_30350103,3,3,99,303065,1,49901,0,0,0,0,0,,0,0,0
30330290,30330290,WEAPON_NAME_30350503,3,3,99,303096,1,49901,0,0,0,0,0,,0,0,0
30330390,30330390,WEAPON_NAME_30350303,3,3,99,303088,1,49901,0,0,0,0,0,,0,0,0
30430190,30430190,WEAPON_NAME_30450102,4,3,99,304043,1,49901,0,0,0,0,0,,0,0,0
30430290,30430290,WEAPON_NAME_30450203,4,3,99,304066,1,49901,0,0,0,0,0,,0,0,0
30430390,30430390,WEAPON_NAME_30450503,4,3,99,304095,1,49901,0,0,0,0,0,,0,0,0
30530190,30530190,WEAPON_NAME_30550102,5,3,99,305077,1,49901,0,0,0,0,0,,0,0,0
30530290,30530290,WEAPON_NAME_30550503,5,3,99,305102,1,49901,0,0,0,0,0,,0,0,0
30530390,30530390,WEAPON_NAME_30550303,5,3,99,305094,1,49901,0,0,0,0,0,,0,0,0
30630190,30630190,WEAPON_NAME_30650102,6,3,99,306061,1,49901,0,0,0,0,0,,0,0,0
30630290,30630290,WEAPON_NAME_30650304,6,3,99,306087,1,49901,0,0,0,0,0,,0,0,0
30630390,30630390,WEAPON_NAME_30650502,6,3,99,306095,1,49901,0,0,0,0,0,,0,0,0
30730190,30730190,WEAPON_NAME_30750102,7,3,99,307066,1,49901,0,0,0,0,0,,0,0,0
30730290,30730290,WEAPON_NAME_30750406,7,3,99,307114,1,49901,0,0,0,0,0,,0,0,0
30730390,30730390,WEAPON_NAME_30750204,7,3,99,307077,1,49901,0,0,0,0,0,,0,0,0
30830190,30830190,WEAPON_NAME_30850102,8,3,99,308044,1,49901,0,0,0,0,0,,0,0,0
30830290,30830290,WEAPON_NAME_30850406,8,3,99,308107,1,49901,0,0,0,0,0,,0,0,0
30830390,30830390,WEAPON_NAME_30850202,8,3,99,308055,1,49901,0,0,0,0,0,,0,0,0
30930190,30930190,WEAPON_NAME_30950502,9,3,99,309015,1,49901,0,0,0,0,0,,0,0,0
30930290,30930290,WEAPON_NAME_30950402,9,3,99,309014,1,49901,0,0,0,0,0,,0,0,0
30930390,30930390,WEAPON_NAME_30950302,9,3,99,309013,1,49901,0,0,0,0,0,,0,0,0
30140190,30140190,WEAPON_NAME_30150503,1,4,99,301123,1,59901,0,0,0,0,0,,0,0,0
30140290,30140290,WEAPON_NAME_30150107,1,4,99,301122,1,59901,0,0,0,0,0,,0,0,0
30140390,30140390,WEAPON_NAME_30150208,1,4,99,301120,1,59901,0,0,0,0,0,,0,0,0
30240190,30240190,WEAPON_NAME_30250104,2,4,99,302113,1,59901,302113,2,0,0,0,,0,0,0
30240290,30240290,WEAPON_NAME_30250304,2,4,99,302110,1,59901,302110,2,0,0,0,,0,0,0
30240390,30240390,WEAPON_NAME_30250503,2,4,99,302114,1,59901,302114,2,0,0,0,,0,0,0
30340190,30340190,WEAPON_NAME_30350305,3,4,99,303109,1,59901,0,0,0,0,0,,0,0,0
30340290,30340290,WEAPON_NAME_30350504,3,4,99,303113,1,59901,0,0,0,0,0,,0,0,0
30340390,30340390,WEAPON_NAME_30350205,3,4,99,303110,1,59901,0,0,0,0,0,,0,0,0
30440190,30440190,WEAPON_NAME_30450504,4,4,99,304112,1,59901,0,0,0,0,0,,0,0,0
30440290,30440290,WEAPON_NAME_30450404,4,4,99,304110,1,59901,0,0,0,0,0,,0,0,0
30440390,30440390,WEAPON_NAME_30450104,4,4,99,304111,1,59901,0,0,0,0,0,,0,0,0
30540190,30540190,WEAPON_NAME_30550104,5,4,99,305118,1,59901,0,0,0,0,0,,0,0,0
30540290,30540290,WEAPON_NAME_30550305,5,4,99,305115,1,59901,0,0,0,0,0,,0,0,0
30540390,30540390,WEAPON_NAME_30550205,5,4,99,305116,1,59901,0,0,0,0,0,,0,0,0
30640190,30640190,WEAPON_NAME_30650204,6,4,99,306109,1,59901,0,0,0,0,0,,0,0,0
30640290,30640290,WEAPON_NAME_30650104,6,4,99,306111,1,59901,0,0,0,0,0,,0,0,0
30640390,30640390,WEAPON_NAME_30650405,6,4,99,306110,1,59901,0,0,0,0,0,,0,0,0
30740190,30740190,WEAPON_NAME_30750206,7,4,99,307117,1,59901,0,0,0,0,0,,0,0,0
30740290,30740290,WEAPON_NAME_30750504,7,4,99,307120,1,59901,0,0,0,0,0,,0,0,0
30740390,30740390,WEAPON_NAME_30750305,7,4,99,307116,1,59901,0,0,0,0,0,,0,0,0
30840190,30840190,WEAPON_NAME_30850204,8,4,99,308110,1,59901,0,0,0,0,0,,0,0,0
30840290,30840290,WEAPON_NAME_30850104,8,4,99,308112,1,59901,0,0,0,0,0,,0,0,0
30840390,30840390,WEAPON_NAME_30850503,8,4,99,308113,1,59901,0,0,0,0,0,,0,0,0
30940190,30940190,WEAPON_NAME_30950503,9,4,99,309025,1,59901,0,0,0,0,0,,0,0,0
30940290,30940290,WEAPON_NAME_30950203,9,4,99,309022,1,59901,0,0,0,0,0,,0,0,0
30940390,30940390,WEAPON_NAME_30950303,9,4,99,309023,1,59901,0,0,0,0,0,,0,0,0
30150190,30150190,WEAPON_NAME_30160301,1,5,99,301140,1,69901,0,0,0,0,0,,0,0,0
30150290,30150290,WEAPON_NAME_30160101,1,5,99,301138,1,69901,0,0,0,0,0,,0,0,0
30150390,30150390,WEAPON_NAME_30160401,1,5,99,301141,1,69901,0,0,0,0,0,,0,0,0
30250190,30250190,WEAPON_NAME_30260501,2,5,99,302133,1,69901,302133,2,0,0,0,,0,0,0
30250290,30250290,WEAPON_NAME_30260401,2,5,99,302132,1,69901,302132,2,0,0,0,,0,0,0
30250390,30250390,WEAPON_NAME_30260301,2,5,99,302131,1,69901,302131,2,0,0,0,,0,0,0
30350190,30350190,WEAPON_NAME_30360401,3,5,99,303131,1,69901,0,0,0,0,0,,0,0,0
30350290,30350290,WEAPON_NAME_30360501,3,5,99,303132,1,69901,0,0,0,0,0,,0,0,0
30350390,30350390,WEAPON_NAME_30360101,3,5,99,303128,1,69901,0,0,0,0,0,,0,0,0
30450190,30450190,WEAPON_NAME_30460301,4,5,99,304129,1,69901,0,0,0,0,0,,0,0,0
30450290,30450290,WEAPON_NAME_30460501,4,5,99,304131,1,69901,0,0,0,0,0,,0,0,0
30450390,30450390,WEAPON_NAME_30460201,4,5,99,304128,1,69901,0,0,0,0,0,,0,0,0
30550190,30550190,WEAPON_NAME_30560501,5,5,99,305139,1,69901,0,0,0,0,0,,0,0,0
30550290,30550290,WEAPON_NAME_30560401,5,5,99,305138,1,69901,0,0,0,0,0,,0,0,0
30550390,30550390,WEAPON_NAME_30560201,5,5,99,305136,1,69901,0,0,0,0,0,,0,0,0
30650190,30650190,WEAPON_NAME_30660101,6,5,99,306127,1,69901,0,0,0,0,0,,0,0,0
30650290,30650290,WEAPON_NAME_30660201,6,5,99,306128,1,69901,0,0,0,0,0,,0,0,0
30650390,30650390,WEAPON_NAME_30660301,6,5,99,306129,1,69901,0,0,0,0,0,,0,0,0
30750190,30750190,WEAPON_NAME_30760401,7,5,99,307138,1,69901,0,0,0,0,0,,0,0,0
30750290,30750290,WEAPON_NAME_30760301,7,5,99,307137,1,69901,0,0,0,0,0,,0,0,0
30750390,30750390,WEAPON_NAME_30760501,7,5,99,307139,1,69901,0,0,0,0,0,,0,0,0
30850190,30850190,WEAPON_NAME_30860301,8,5,99,308130,1,69901,0,0,0,0,0,,0,0,0
30850290,30850290,WEAPON_NAME_30860401,8,5,99,308131,1,69901,0,0,0,0,0,,0,0,0
30850390,30850390,WEAPON_NAME_30860201,8,5,99,308129,1,69901,0,0,0,0,0,,0,0,0
30950190,30950190,WEAPON_NAME_30960201,9,5,99,309027,1,69901,0,0,0,0,0,,0,0,0
30950290,30950290,WEAPON_NAME_30960301,9,5,99,309028,1,69901,0,0,0,0,0,,0,0,0
30950390,30950390,WEAPON_NAME_30960101,9,5,99,309026,1,69901,0,0,0,0,0,,0,0,0
30100190,30100190,WEAPON_NAME_30119901,1,1,99,301001,1,19902,0,0,0,0,0,,0,0,0
30200190,30200190,WEAPON_NAME_30219901,2,1,99,302001,1,19902,302001,2,0,0,0,,0,0,0
30300190,30300190,WEAPON_NAME_30319901,3,1,99,303001,1,19902,0,0,0,0,0,,0,0,0
30400190,30400190,WEAPON_NAME_30419901,4,1,99,304001,1,19902,0,0,0,0,0,,0,0,0
30500190,30500190,WEAPON_NAME_30519901,5,1,99,305001,1,19902,0,0,0,0,0,,0,0,0
30600190,30600190,WEAPON_NAME_30619901,6,1,99,306001,1,19902,0,0,0,0,0,,0,0,0
30700190,30700190,WEAPON_NAME_30719901,7,1,99,307001,1,19902,0,0,0,0,0,,0,0,0
30800190,30800190,WEAPON_NAME_30819901,8,1,99,308001,1,19902,0,0,0,0,0,,0,0,0
30900190,30900190,WEAPON_NAME_30919901,9,1,99,309001,1,19902,0,0,0,0,0,,0,0,0
39800001,39800001,,1,5,99,398001,1,59901,0,0,0,0,0,,0,0,0
39800002,39800002,,2,5,99,398002,1,59901,398002,2,0,0,0,,0,0,0
39800003,39800003,,3,5,99,398003,1,59901,0,0,0,0,0,,0,0,0
39800004,39800004,,4,5,99,398004,1,59901,0,0,0,0,0,,0,0,0
39800005,39800005,,5,5,99,398005,1,59901,0,0,0,0,0,,0,0,0
39800006,39800006,,6,5,99,398006,1,59901,0,0,0,0,0,,0,0,0
39800007,39800007,,7,5,99,398007,1,59901,0,0,0,0,0,,0,0,0
39800008,39800008,,8,5,99,398008,1,59901,0,0,0,0,0,,0,0,0
39800009,39800009,,9,5,99,398009,1,59901,0,0,0,0,0,,0,0,0
39900001,39900001,,8,1,99,308016,1,19901,0,0,0,0,0,,0,0,0
39900002,39900002,,4,1,99,304021,1,19901,0,0,0,0,0,,0,0,0
39900003,39900003,,2,1,99,302040,1,19901,302040,2,0,0,0,,0,0,0
39900004,39900004,,4,1,99,304030,1,19901,0,0,0,0,0,,0,0,0
39900005,39900005,,2,1,99,302011,1,19901,302011,2,0,0,0,,0,0,0
39900006,39900006,,7,1,99,307058,1,19901,0,0,0,0,0,,0,0,0
39900007,39900007,,1,1,99,301081,1,19901,0,0,0,0,0,,0,0,0
39900019,39900019,,5,1,99,305134,1,19901,0,0,0,0,0,,0,0,0
39900020,39900020,,2,1,99,302063,1,19901,302063,2,0,0,0,,0,0,0
39900021,39900021,,1,1,99,301002,1,19901,0,0,0,0,0,,0,0,0
39900022,39900022,,2,1,99,302062,1,19901,302062,2,0,0,0,,0,0,0
39900023,39900023,,6,1,99,306005,1,19901,306005,2,0,0,0,,0,0,0
39900024,39900024,,6,1,99,0,0,19901,0,2,0,0,0,,0,0,0
39900025,39900025,,1,1,99,301147,1,19901,0,0,0,0,0,,0,0,0
39900026,39900026,,5,1,99,305142,2,19901,305142,1,0,0,0,,0,0,0
39900027,39900027,,6,1,99,0,0,19902,306135,1,0,0,0,,0,0,0
39900028,39900028,,1,1,99,399001,1,19901,0,0,0,0,0,,0,0,0
39900029,39900029,,1,1,99,399002,1,19901,0,0,0,0,0,,0,0,0
39900030,39900030,,2,1,99,399005,1,19901,399005,2,0,0,0,,0,0,0
39900031,39900031,,1,1,99,301041,1,19901,0,0,0,0,0,,0,0,0
39900032,39900032,,2,1,99,302014,1,19901,302014,2,0,0,0,,0,0,0
39900033,39900033,,3,1,99,303035,1,19901,0,0,0,0,0,,0,0,0
39900034,39900034,,4,1,99,304012,1,19901,0,0,0,0,0,,0,0,0
39900035,39900035,,5,1,99,305015,1,19901,0,0,0,0,0,,0,0,0
39900036,39900036,,6,1,99,306015,1,19901,0,0,0,0,0,,0,0,0
39900037,39900037,,7,1,99,307031,1,19901,0,0,0,0,0,,0,0,0
39900038,39900038,,8,1,99,308030,1,19901,0,0,0,0,0,,0,0,0
39900039,39900039,,6,1,99,399004,1,19901,399004,2,0,0,0,,0,0,0
39900040,39900040,,7,1,99,399006,1,19901,0,0,0,0,0,,0,0,0
39900041,39900041,,7,1,99,399007,1,19901,0,0,0,0,0,,0,0,0
39900042,39900042,,1,1,99,301148,1,19901,0,0,0,0,0,,0,0,0
39900043,39900043,,1,1,99,305143,1,19901,0,0,0,0,0,,0,0,0
39900044,39900044,,3,1,99,399011,1,19901,399012,1,0,0,0,,0,0,0
39900045,39900045,,3,1,99,399012,1,19901,0,0,0,0,0,,0,0,0
39900046,39900046,,5,1,99,399010,1,19901,0,0,0,0,0,,0,0,0
39900047,39900047,,4,1,99,399008,1,19901,0,0,0,0,0,,0,0,0
39900048,39900048,,3,1,99,399009,1,19901,0,0,0,0,0,,0,0,0
39900049,39900049,,5,1,99,399014,1,19901,0,0,0,0,0,,0,0,0
39900050,39900050,,3,1,99,399013,1,19901,0,0,0,0,0,,0,0,0
39900051,39900051,,6,1,99,399015,1,19901,0,0,0,0,0,,0,0,0
39900052,39900052,,9,1,99,399018,1,19901,0,0,0,0,0,,0,0,0
39900053,39900053,,9,1,99,399020,1,19901,0,0,0,0,0,,0,0,0
39900054,39900054,,1,1,99,399017,1,19901,0,0,0,0,0,,0,0,0
39900056,39900056,,1,1,99,399016,1,19901,0,0,0,0,0,,0,0,0
39900062,39900062,,2,1,99,302002,1,19901,302002,2,0,0,0,,0,0,0
39900063,39900063,,3,1,99,303005,1,19901,0,0,0,0,0,,0,0,0
39900064,39900064,,4,1,99,304003,1,19901,0,0,0,0,0,,0,0,0
39900065,39900065,,5,1,99,305003,1,19901,0,0,0,0,0,,0,0,0
39900066,39900066,,6,1,99,306005,1,19902,0,0,306001,2,0,,0,0,0
39900067,39900067,,7,1,99,307002,1,19901,0,0,0,0,0,,0,0,0
39900068,39900068,,8,1,99,308004,1,19901,0,0,0,0,0,,0,0,0
39900069,39900069,,9,1,99,399026,1,19901,0,0,0,0,0,,0,0,0
39900070,39900070,,5,1,99,399029,1,19901,0,0,0,0,0,,0,0,0
39900071,39900071,,9,1,99,399027,1,19901,0,0,0,0,0,,0,0,0
39900072,39900072,,4,1,99,399028,1,19901,399036,1,0,0,0,,0,0,0
39900073,39900073,,9,1,99,399035,1,19901,0,0,0,0,0,,0,0,0
39900074,39900074,,4,1,99,399037,1,19901,0,0,0,0,0,,0,0,0
39900075,39900075,,4,1,99,399042,1,19901,0,0,0,0,0,,0,0,0
39900076,39900076,,1,1,99,399043,1,19901,0,0,0,0,0,,0,0,0
39900077,39900077,,5,1,99,399044,1,19901,0,0,0,0,0,,0,0,0
39900078,39900078,,5,1,99,399045,1,19901,0,0,0,0,0,,0,0,0
39900079,39900079,,5,1,99,399046,1,19901,0,0,0,0,0,,0,0,0
39900080,39900080,,6,1,99,399047,1,19901,0,0,0,0,0,,0,0,0
39900081,39900081,,9,1,99,399033,1,19901,0,0,0,0,0,,0,0,0
39900082,39900082,,1,1,99,399048,1,19901,0,0,0,0,0,,0,0,0
39900083,39900083,,9,1,99,309002,1,19901,0,0,0,0,0,,0,0,0
39900084,39900084,,9,1,99,399034,1,19901,0,0,0,0,0,,0,0,0
39900085,39900085,,9,1,99,399019,1,19901,0,0,0,0,0,,0,0,0
39900086,39900086,,9,1,99,399038,1,19901,0,0,0,0,0,,0,0,0
39900087,39900087,,5,1,99,399051,1,19901,0,0,0,0,0,,0,0,0
39900088,39900088,,3,1,99,399052,1,19901,0,0,0,0,0,,0,0,0
39900089,39900089,,4,1,99,399050,1,19901,0,0,0,0,0,,0,0,0
39900090,39900090,,2,1,99,399053,1,19901,0,0,0,0,0,,0,0,0
39900091,39900091,,4,1,99,399054,1,19901,0,0,0,0,0,,0,0,0
39900092,39900092,,3,1,99,399055,1,19901,0,0,0,0,0,,0,0,0
39900093,39900093,,5,1,99,305020,1,19901,0,0,0,0,0,,0,0,0
39900094,39900094,,5,1,99,399051,1,19902,0,0,0,0,0,,0,0,0
39900095,39900095,,1,1,99,399056,1,19901,0,0,0,0,0,,0,0,0
39900096,39900096,,4,1,99,399057,1,19901,399061,1,0,0,0,,0,0,0
39900097,39900097,,4,1,99,399058,1,19901,0,0,0,0,0,,0,0,0
39900098,39900098,,2,1,99,399059,1,19901,399059,2,0,0,0,,0,0,0
39900099,39900099,,2,1,99,399060,1,19901,0,0,0,0,0,,0,0,0
39900100,39900100,,4,1,99,399057,1,19902,0,0,0,0,0,,0,0,0
39900101,39900101,,4,1,99,399061,1,19901,0,0,0,0,0,,0,0,0
39900102,39900102,,4,1,99,399062,1,19901,0,0,0,0,0,,0,0,0
39900103,39900103,,4,1,99,399063,1,19901,0,0,0,0,0,,0,0,0
39900104,39900104,,4,1,99,399064,1,19901,0,0,0,0,0,,0,0,0
39900105,39900105,,4,1,99,399065,1,19901,0,0,0,0,0,,0,0,0
39900106,39900106,,1,1,99,399066,1,19901,0,0,0,0,0,,0,0,0
39900107,39900107,,4,1,99,399067,1,19901,0,0,0,0,0,,0,0,0
39900108,39900108,,4,1,99,399068,1,19901,0,0,0,0,0,,0,0,0
39900109,39900109,,6,1,99,399071,1,19901,0,0,0,0,0,,0,0,0
39900110,39900110,,1,1,99,399069,1,19901,0,0,0,0,0,,0,0,0
39900111,39900111,,7,1,99,399070,1,19901,0,0,0,0,0,,0,0,0
39900112,39900112,,1,1,99,399072,1,19901,0,0,0,0,0,,0,0,0
39900113,39900113,,5,1,99,397010,1,19901,0,0,0,0,0,,0,0,0
39900114,39900114,,1,1,99,399066,1,19902,0,0,0,0,0,,0,0,0